4503631
2892572
7462929
4333970
5064750
8369897
3993406
8526159
6043132
7693618
4136819
5158711
3770301
5907246
2092766
3606325
4140954
11071677
8985634
9278239
8659198
11822210
11369819
7670773
7968182
10806516
12480965
8593713
12108591
3462243
9764854
8066063
4698528
9576834
9536029
8912568
4321853
12218183
6091182
10247329
6375467
5728472
7223186
12298477
9300214
11808246
14107301
14243797
9317966
9650097
10725103
5404232
14287017
7972582
10170434
9831436
9112474
15372080
12220887
8526091
8575221
8013431
11841865
15915543
14745569
14064223
13727113
6711734
13771319
14622761
12194030
11881701
15315621
10117065
13114579
8962645
16217275
13655119
16975567
15212700
15614138
15959683
13278727
15412765
14447139
16823192
9019171
14187893
15543783
18828840
16390495
14806795
18403970
10657085
13143238
19089401
16989797
14023914
11331371
10947968
14487912
12296642
17906650
16750902
16150840
11025039
20583183
13090228
18715481
17846287
17152183
12801080
14718339
16626631
14933692
16516617
17752919
16156021
17682653
17729481
20172825
13216790
17290681
21515834
21125012
16078422
17517584
13765686
15308640
19212038
14923404
20472345
19736120
22506556
13878026
14130254
14435365
22521978
19856587
21822208
15235120
19107436
16524097
22992069
20125491
24137181
19323786
19329845
19097261
18487954
21904729
16265300
19950475
18758118
24762231
16576715
23055371
17695812
20707434
24164094
18444880
23118493
24132844
16732651
24245471
26065218
18499454
18953750
26044602
17451186
20022656
26883684
23887173
19241612
25073076
23031628
23512200
21725272
26459772
20816685
20030642
20469642
28189840
22292595
26198027
26832240
27632850
22846233
25837267
23814406
24503942
21722662
28413951
23600506
21956060
24100002
28020579
21390826
25664919
22043843
25392219
27957606
26674503
29665010
29741486
30394458
21858558
25456652
21859102
26214813
22106318
26259341
29482046
24577965
27666245
28688530
27373634
25406804
25466439
23312779
27678532
22643874
23581077
24768163
24350582
26228520
32580898
29640017
27717860
31930606
24033697
32308023
24767603
29907366
29880842
33437787
29510758
32707376
26980076
29201364
25756300
32620756
34144092
33514931
26313985
26471973
28356753
32682290
26493863
26494077
26769567
34069672
27615200
33860983
26112864
35072177
33788959
32760451
27259857
35742035
27645164
27317638
30437077
29142399
28503790
34422407
33004328
36489478
34791213
32849663
28396841
32800594
36787511
31121900
32475008
37451988
31027826
32849248
32254989
35030601
35659608
34051444
36653564
32409141
37992218
30290857
29931535
29827209
32459793
38374506
33805688
29135713
38865762
32833344
29966500
31830435
31418763
31987224
38993160
37806342
36330912
38407084
33551214
37267347
39877215
30706757
33423474
36784734
31131737
40510887
40128164
35031457
39880962
31355404
39148789
33750395
36638027
33392550
37610737
34915747
39876974
33490080
33128232
38164853
39150928
38382579
32753675
42112941
41623010
37058172
33833779
37374233
42985669
39972902
41307261
34302999
40187397
34181581
37180338
40473499
42523730
43862945
41336105
41418087
37522194
37082856
43459837
38986483
44349923
39383841
35511449
36094672
37799258
41527842
37530250
42905975
43703317
44786541
37523786
40972411
41362353
41383689
44620755
36807671
42826022
43228332
42262951
41017656
38851670
40698243
37704420
37333104
44497391
40756430
38015428
40494288
40079031
42332053
40695141
45567966
41886666
38250818
43615909
41093549
40059744
39834912
46276805
38959454
45263264
42364510
42691998
40991641
42032974
40338682
48915813
42404299
48148752
47795467
47028232
46283378
40010128
47194619
40964062
46258272
46558766
41670251
49638650
49311988
47170586
46624415
48261891
47264436
50832994
42011767
44264181
47199456
47783211
48856341
44131847
50498036
49948076
51897506
42485770
49218658
48285916
51560728
44209959
48588693
49868089
50029931
44779984
48940123
47562384
50620444
52540469
49128490
50954186
46658502
50647203
47594181
49833604
49552245
51953535
45342832
50872695
53099645
48825171
48660431
49423676
54222005
52749037
48906329
51012527
52703860
49785680
46986062
46574141
48667082
51681387
52313676
47224492
54498563
46911555
50899956
49153803
48715758
48766066
51241712
51607967
49080532
48243701
50035358
56433028
48173964
50101600
47856160
48458074
55811331
54561946
50515755
57382988
54289831
48211836
57387181
55376524
55296542
53717402
52239157
57347184
49649392
54793287
49500891
54953363
51049552
56150901
53660450
54024670
57623738
58203277
52940522
55317544
53725521
50887519
50762724
55567111
58194958
50882179
58870993
53315935
60146181
54680859
52459035
55689678
57239217
54919742
60241217
61224249
55937276
53913208
61168202
54804496
56246123
54505593
54024936
62267436
56762906
52682284
60063922
53053786
56717105
56569876
61277878
53482448
54909741
58092592
61884891
61407869
55184326
60431961
60558534
63477514
63460993
58467157
58421672
61657744
58777845
58130829
64535093
57421666
57391277
58698749
60266115
62783721
61359453
65244108
58027577
58581109
65375540
62849484
56403250
62839789
64805850
59558554
63161036
60972257
64764316
64895609
66435118
61891579
61622053
64630404
61220116
57894762
67159916
59908175
65780616
64999452
64536634
66086260
64445163
64455309
62740585
67156487
65478608
58625367
62028373
68180363
63229933
68038782
62636760
60660879
63190819
60744933
65334280
63262705
68033366
66439151
63062015
64193317
66647907
62353323
63385937
65425198
66559994
70099132
62466922
61278595
69359515
65424220
65586477
61862139
62850823
64010531
70479692
64423946
65741711
66118406
63984538
67177056
69600905
69472886
64620326
66259868
70020477
72136217
66213483
72590457
63203152
67353309
66635504
64293221
63541600
63963472
72767067
70665301
64125502
70647593
64807270
70296751
70642456
64971043
72313623
70536287
72819057
67089576
73062171
72929538
66772515
66647737
66531524
67931929
75051144
66413132
71005694
66633534
69225920
68861650
66826870
73496758
74855723
67508937
68289775
69607523
73772508
70106837
74417967
66677132
68287820
68944633
73340080
71837142
72396139
70638210
70509434
74426704
74942314
76194569
69682114
70273744
76282986
74745258
68527770
74851839
69770261
71412703
76851790
71569077
71028146
76054784
75989058
76036862
76070478
71689678
79083994
71424343
71963795
78117868
73215549
79732443
76346199
72400675
78867356
71307748
72248245
78279023
80109039
75834496
73493240
73622140
74612381
77312406
79471771
76992946
74364414
77179833
80502178
77720880
76401792
72795423
78883768
73938861
75668530
72752659
76144965
82049210
78240675
78675691
75993050
81626970
77899052
82103379
79128579
76101526
77320270
74255276
77686961
82968101
75599997
81743466
75055928
79491203
77613385
77224855
81504857
76238864
77046946
77071912
82512664
81045320
83887905
84573553
82862155
84158939
80826283
84209154
77410151
79956908
82756725
84707503
78439907
77931466
79454515
85987967
78759668
81585755
82685087
79416135
80424855
82022594
82454481
80331785
86361712
81411223
82119384
80165419
81502677
87378054
79111064
84325494
84062454
79396038
78914468
86621648
84168182
87959529
86970466
86365166
80998621
87901843
84824714
85630598
80407581
84445059
84565381
86103689
84948902
88469547
87305602
83978919
81474230
84843326
80926987
86418347
86411176
82005063
88885989
85742920
83561202
88967627
82161052
90375280
88116228
86977013
84728625
90622031
90398619
81666438
89539387
84575050
84555713
86021766
90726481
82690869
87481632
91394779
92370378
91636611
91000704
90038721
85100584
84723180
89185959
85904944
84848185
86495611
92947610
93554949
91839502
92766401
92099349
88600561
93300922
87199812
93164556
86225985
90247323
92097119
86782354
86867592
91117871
86639108
89951368
94457961
93560017
85458579
87550990
89568082
87121625
94619252
95867987
93923297
95362852
86707500
86339536
90145680
87742462
90512147
87737142
92113220
92289417
88369604
90999713
95104029
92518503
91672809
96163249
92511545
91792884
91306982
97183704
91225903
91961039
90101962
91672603
98229245
97470496
95383518
96912229
91127547
92072208
93400289
90829043
96747649
99163624
95944458
98265745
89750713
95671375
95686108
93093360
99905708
91255678
99406802
90910414
93269243
90577851
96347769
100194056
98373522
100470621
93228093
92765581
95158792
92848050
95782392
96353275
99857844
93016289
95171914
100036343
92725555
92141769
93890449
98385309
102160489
94555086
102531740
100662983
100191744
94844927
97385476
99842456
94123402
100058288
96527560
100246629
100896977
96041267
94385331
96280445
100727063
99019347
100600949
100518727
103687786
95155454
94730460
95169176
104499634
97509047
104054991
95955941
95741197
100838262
99580533
100986403
102895881
96653524
100999782
105588156
105652876
101202923
103952796
100599029
104629337
105108521
103090683
103140956
98079699
98915024
101706903
103631802
105116159
99618320
101049260
100902530
100345645
98833861
102117734
107152233
107600444
106178890
107199899
99098956
99340886
106146779
105734779
98904598
101577024
99656459
108849817
108376471
101322751
106519095
101654239
103816327
103311748
101432311
107948845
102337476
104281155
103290101
105104060
106125008
107559698
108576011
110280704
106661501
107867137
106188823
108419277
104547595
106051250
108529858
108781040
103167061
110263121
109216130
103226706
102902978
103801916
102584040
110689903
107243431
104902280
111419766
108536495
103956460
108411777
105178725
106212817
108312782
104430060
104283175
105487993
106103978
113409018
105694511
112764277
104294834
110309088
110113393
109662988
111635081
111332032
110533828
108364587
107256597
112566819
110644292
109908780
105161501
106606855
114185093
112292942
112477483
113641971
114433860
114794790
113194313
109291857
114052468
108639609
109752704
111922797
114509248
109259452
107358881
112418115
114739886
116417548
112414816
114350542
107922117
113656083
117480770
117173849
112378642
116914996
111286560
117611798
114529323
109865502
116971132
111208254
111886222
116745027
113132298
112392925
109914067
111220937
110367949
116305863
114923321
113387899
113201646
111807589
111286298
114705172
114820804
118428430
117484046
112313203
116848377
110865497
118125011
110737709
110838639
111656849
118055646
112067058
118977275
120046589
117489059
111953176
117724655
118409345
117803627
120177728
120980879
119582627
119381754
118624533
119844943
118023261
114237398
113696516
116521014
114930553
114213346
122290012
123090296
115105735
123151750
120422232
119114323
116180851
123605961
120195542
121727456
122124490
122420990
116371413
119014351
121076266
118047784
116574256
123113393
122830593
121942614
122859622
117632955
116309916
125010758
118972044
116906217
118595467
115702427
118471617
117121189
117560811
118894258
116295477
120208082
124881677
118722621
122002799
122299594
117277930
122498333
121758542
118212987
117896714
122303743
122006173
119649709
120241855
123623653
127693885
119302952
126558599
126421123
121142427
124294084
121112460
123048160
127319590
119804746
119242909
126994981
121917395
124878646
121920035
128881908
123454189
121740326
122775095
123628377
127453171
129489203
124845739
127620458
130167565
123202577
121676918
124123459
129780130
123752868
128308193
125212538
123408957
129720744
124067158
127529847
125456218
127096826
124544236
127134004
130563334
127875653
126868316
128196840
128445209
125871133
126234571
130146317
126023411
131495958
127581350
130643284
127146381
123981446
128644476
129046590
132076008
132997300
125193316
124594566
125389446
128659036
127840831
128871629
131638599
129298242
130247706
125703605
125803135
131976288
130758725
132473162
130713348
127356977
125261295
127934429
126369240
132856946
127495395
127523445
135280025
126503676
131961409
130676121
130726238
127856535
126984069
133120104
133444671
132058608
132117673
135357772
130295975
131246724
130204974
128438057
129362634
129000574
129329074
136499010
132249442
134020088
136535671
130565822
136881011
129501072
136262546
138473199
131138288
138622108
138456838
136613067
138592570
134008094
137314177
131238309
129680213
130645811
137557537
133775408
131603429
131600352
132041591
137228031
136813997
138659565
130671489
133128984
135367697
138385127
133623906
131755890
131862593
134916744
141035524
140951021
135688502
132861181
134857756
132871492
140766884
141347479
141546196
137401818
138671996
142118952
136062927
135531840
133026875
142233639
138356321
138291497
141257374
135422814
136306131
137328180
138283318
139998062
135317746
135228830
134955228
138364276
139316314
134586585
143011590
138678256
136310299
141734288
142812957
143081102
136379723
136368260
138779978
138553555
143899315
140463279
140148637
138924059
138391606
142437700
137714321
143605198
143939304
139952245
137805172
140274890
137680372
139488791
143058652
141349604
144433188
139991832
146713161
140303441
147073097
145965645
144657223
141049641
144046630
137932234
137939706
142153184
139296173
140596058
143410947
147718042
148033923
141219072
142059973
138800570
144266598
141237045
142795488
144526422
141089287
147150773
144992789
143333312
140212338
140916781
140253584
141349288
143048451
146015182
140252023
142867904
148887910
145696198
143309216
149405679
142122576
142044430
150160029
143959734
144706921
145736488
148904452
148674555
142407056
149824150
144643059
144215392
145815976
144114657
145291555
144331459
142617290
143888502
143343485
146834752
147884480
146926067
145504102
145429714
150271277
152843122
153388323
148681852
144131723
146007778
149022428
149667492
148410471
150223198
145937288
147256358
153988346
153147088
144806726
147435963
151628671
151597835
148028351
153239807
150837036
150252386
151308761
150789555
147929217
148534552
147378350
148011576
147371117
152504586
149074325
150800901
154710850
150224759
156505113
151682420
147621573
150841991
149842733
151002333
155412619
153417098
152997018
149787724
154797169
150331860
147967610
153787843
157723990
155570096
152252212
157605933
152538461
156511701
154319670
158366542
154635269
154401080
155713812
155379339
156557828
152446850
159395485
152357360
152309160
152692019
154821372
157787209
153273745
153851929
154045649
160099334
156344838
155603579
154070454
153901350
153016594
158393118
160748996
152547535
152535215
159819414
158228938
160257652
154049088
157986061
152921530
161590565
156123408
157544670
152746602
152523290
156970134
155965247
154989756
156062409
161562886
162451756
161343352
156978643
155979428
156497298
154150343
154473296
160515162
159454988
160991483
157364926
154215424
161142788
160918947
158291515
160236447
156624625
161922506
158886965
160207835
164665493
160363749
159237756
160064359
156643763
161977855
165389158
164412460
164195412
160033725
157177704
163343177
158472581
165569503
159739230
163443010
160522394
161507297
166166002
162137475
157671994
166809278
162257469
165852655
165724031
158869414
159599834
158005749
160335240
160085558
158058011
167655239
160159639
159750621
158516669
163350907
159660853
164675361
162058636
165022642
159447317
161858018
160119852
165534738
162606957
162463749
164267663
168578247
166869407
169068691
163620437
165178031
162863922
160564827
166284610
167913090
169330509
167859271
161570680
165007277
164791255
169958845
169783409
162551594
170191935
164303004
161756051
164562402
171463718
164510987
164976840
162012785
166917589
166650047
166752428
166580545
168803136
163511578
164794282
170135376
168185397
171321125
171209953
169555050
168033142
165685752
163737319
172689633
172286204
164367753
172447947
167985174
171285343
165122840
170077886
170993206
173348051
169734654
170282761
166182308
165446347
174416427
170971079
171338649
171838477
171804446
171287722
168830420
172760369
168333420
167234072
167646780
166706207
168782264
175182084
176018476
174414470
173299773
171834680
167640639
172589731
167535530
176220282
174305287
169785960
176673889
173984285
170564950
175868302
176505655
172373696
168412182
172419050
174389390
172642888
171185147
170410369
172975826
176471284
174908096
178340981
177130490
173912722
169851012
174811817
174126589
173890085
177060156
172580550
176621884
175589290
177554280
178783788
179666053
175225368
173414167
178376278
177112617
172605582
173744113
173224272
174728134
175840229
175836926
174507768
177749504
172825530
181563477
174690066
180339635
177913903
179913102
176893463
176920711
179697450
176099549
178152204
172623728
177744765
173347186
182157155
176474105
181896718
179823700
180754473
176887620
173887234
173882148
181930030
177868859
179404236
179007343
177557151
175955013
183199818
184251502
180042442
179009078
178720998
182063546
184300006
184046498
175256195
177718016
179648194
184911738
178839816
177244249
182515358
182977807
179200868
179678329
176490308
185473021
177433050
185536790
181954831
176643633
181719809
183912090
185130805
184686298
179637415
184823147
181350173
186494545
179531396
179171334
185925683
182726954
181549927
184107372
183503264
183290178
183422471
184363606
185351560
179102788
187436716
179209669
181776345
185834683
185555205
179660617
182600605
188284322
180578229
184377780
189546021
181730927
188228974
185530020
181534985
184932992
187487985
189412010
188454559
181525038
185408470
185262827
186956380
187152870
185772269
183821454
186445727
187449720
184324278
188234238
189595320
183021476
190426931
186177695
188619124
191055657
187137135
190863203
186015974
190551558
188091230
190204899
188901389
183407998
183213765
184826679
189468532
192422608
184982234
184764910
190075632
188719632
185355096
190999681
185007314
184271351
185172069
193845703
185906516
193874515
192362200
188902258
188580670
189708724
187191333
190890768
193446140
193397197
191820977
189224742
193926929
192259646
187254750
186407515
194604586
188736921
193681604
189973065
189572811
193392862
193825138
195742106
195195398
191537117
187521583
192607265
195384533
188790631
190520137
197214505
193018275
189919206
193129338
188897131
196850992
190602510
189506092
190741550
190105039
195434816
198661347
198627447
196716990
190980763
192724453
198048711
194667400
190192668
195912287
196465058
194079984
190880864
196659125
190166168
191110010
197639783
196791067
196816701
198950231
191007932
199057894
194514615
194024224
193966579
196904324
192431368
193246092
196261194
197306357
193729520
193655912
197457263
198296296
197978729
197856067
198857371
195576141
200249966
200980601
193916028
199092961
192887850
202312662
197436382
200488439
201518160
203175635
197086294
201407941
199435575
195638164
197236160
203730451
196342880
200912574
198430791
200072827
197850243
195076249
204137636
198175998
201604069
196293917
199415053
201005089
204607139
198799828
202795010
200061441
197604663
198026202
202220874
204928845
201896483
201945415
203227977
198523530
204936420
201808127
201956712
197944168
201115367
206159045
200818804
198732516
198882968
200617160
197768197
206136914
199314601
203790617
200737360
198396052
202102205
202857332
206549035
204741251
199841605
205880244
206986206
203961441
206583636
199692674
199821488
203170207
208875002
201335467
205623403
201333189
202658191
208132361
203619348
209441601
200936743
210007365
201528584
206385701
208093030
207514936
210474005
207235690
207676040
202953969
201257498
202260812
205019633
206882655
210292093
202992929
207155069
203799057
204968781
211444995
204554425
210731683
202425332
211041542
207648801
208303799
210358125
209152302
210310806
210603811
212155736
210389446
208831558
204692515
208101779
205950373
211306891
207247163
210619437
209664289
209858973
210863804
213772678
205803594
208055380
209249500
209264195
211456666
214042107
214628667
207351800
205778847
211162377
211890933
213119032
213836893
211015242
214222983
212310838
215120777
213496935
207429199
216031467
214413705
208789468
209317320
210881134
213031801
209332086
213901955
212553697
210859333
209268723
210136105
207666684
212775119
216186673
217185265
210031265
213831712
216137302
216726760
211973445
215086381
212199639
211430560
211966230
213760195
211509048
210194076
216714890
216770482
212189085
209743753
210570729
215873258
211616059
212562534
214039880
211618474
212916358
219099483
215141275
213654349
217313990
213573309
214493681
213688432
214432087
219078648
212328428
211540718
214884738
212209935
217780159
218732353
219185303
219542421
218126636
221158517
216536387
217254943
212958853
212494310
221730778
213666006
215189331
222312062
215013857
214152010
215007469
215045219
213530132
218902700
213994531
222030188
216907366
214547361
222238740
223262449
217539302
216447450
214501152
218613318
221763712
214672240
218476000
214943726
224713957
222288180
222672112
224919464
223775798
218864125
221898645
224547374
216793331
215754229
223458594
220017854
221833412
218679978
220733255
219134379
218513466
224078254
220861045
224317385
224239125
218039400
226055545
223781223
223725633
219141993
223509979
224812949
218392560
219854609
222143958
218642922
225203638
221890500
227705021
222977097
223670459
225886449
223042435
220098486
224399121
221906988
225287692
227831837
224115872
228478642
224707201
222538519
222991416
226941147
225287249
221479802
223962265
226250478
222510423
223257955
225695138
223747431
224064159
222732730
221889941
229150800
229100038
223920938
230137374
224686728
226997133
227530426
227301792
226908068
223754463
229303288
222495223
227480815
224965151
226039443
222757249
222564365
222808254
231126867
223132975
229770876
229884686
225955238
230172393
224769517
229382519
229869672
229119243
226792203
223942715
226553469
233921462
229746930
233040509
227901936
228484850
230193351
225513856
234103603
230636507
226820770
229768433
231796214
234570371
232477159
234107550
234675115
234592105
229142242
228364119
232657794
232461199
228276121
230115011
233535463
234337593
235331561
235151396
232358889
231653768
227671589
227379371
233043023
234700982
228494366
234620619
232982063
233516693
229980404
237046845
230832497
231743189
230833470
235705593
237669431
232119429
233574728
230838278
235674520
229557479
233582197
230878275
237233136
237405167
233000297
233262316
237902531
237791752
237297446
236354265
237503935
234525869
230736757
232248165
232365107
230538715
234556800
231080323
232964902
239983676
237889666
234544768
240726617
239043815
239374081
237969571
238108969
234453291
233211048
239739574
240304376
239844746
241672045
241084496
239855660
234452705
232774225
234340981
233490951
236855708
234777397
242553777
243075959
237095513
234763170
240631086
241577396
243546683
240758283
233899673
237453052
239003419
239134694
240731080
241314109
235085417
242268992
239494723
236747816
242717714
238993861
236070102
242918753
239040876
237403412
238188160
244906154
244009442
243986177
239212121
239525971
240013625
241547845
237252429
245919821
237747099
238990224
244627676
242324016
238346314
242087854
243195842
239292337
246222673
242578898
247146724
243320579
238027546
243828163
243545748
238076313
242263654
244660787
242739614
248057701
242175684
241312489
243312794
240930212
244033948
242085413
239696123
240978065
244510401
242542964
244731623
248659314
244314268
242423682
241465587
247018108
249907787
240569457
247157694
247376159
245868354
240510736
242854788
245544820
242768536
244557876
243367999
244897396
247710939
247031211
249649244
245438403
244129729
242180666
248147578
245954298
242365093
246416956
244751711
249959013
242756788
244000253
248757499
246566522
250081527
244793317
251436513
243902759
248605066
245674150
246352988
247757939
244437820
252124664
248569506
253592206
248515429
244742064
252676325
247884003
251737232
250144325
248703592
251751679
249346013
253715912
253903465
250485546
251269521
247863254
247344276
246402946
251569538
249909315
255739023
253184789
252827911
249328993
253497016
255469102
252432816
254463319
252947163
252432820
254056938
248714919
249572721
248290149
255882670
254500374
253762727
250235873
247625158
255502988
256338460
250764637
254385338
255536576
256510022
252686831
255201795
249697627
255105892
252487918
251404341
257664515
250568275
253101006
253996396
254464843
258009936
254252114
258200459
255047062
257696128
257903301
253228493
257248525
253668950
253950700
254052762
251701543
255751929
251185165
255118991
250959937
254121655
251256966
256716681
258932291
259628921
257698447
253625819
255520724
252341338
254247105
260798201
252914235
259191726
252952007
256396657
257350536
262063340
253473454
255536403
262685459
259769882
255920457
260960068
255016518
258347590
262794725
254765328
260174440
260663460
254623780
259765795
257539152
262489886
256180856
256523570
254511050
260180106
261500587
256207386
264622251
263628376
261270647
262100011
260203379
262339961
265417176
264257234
260671879
260441763
259025302
261693734
260747760
262644839
263073371
257546178
264189736
264254715
262891688
261146155
266829313
257788707
263003219
265196559
264313295
265864450
259394180
258811758
262032494
267198401
261579807
262321315
259333540
259546844
260715281
263933807
261277465
259834029
263333825
261387568
268334187
260711101
260939317
267852410
266199122
264320567
269371294
259772725
265164457
266066579
266546108
262000225
267466757
268850763
268058502
268342727
263128746
270486169
268013494
265284742
270583643
270874867
261161680
270869340
266246221
267818512
261716177
268997190
270007857
262712000
263745833
265868379
267250509
263152845
266821186
266519371
264058305
266493144
263973091
270474920
269317299
272226376
263189526
270437730
269252866
268956229
270388995
271680254
265254161
270042350
267064421
268635445
271408470
271829195
270665713
270706602
267938162
265094298
264956649
265333755
266128739
268871076
271118182
273076804
266007798
271714914
267419697
268871852
273714556
273122800
273021655
273536691
269183537
273134997
274314241
270615697
266697803
273600368
272443491
267573026
273428603
270255929
269085717
275086467
268704374
274778467
268301993
277566405
275126162
268651265
275618848
268251209
274854815
274279079
269740259
271418855
270743697
269864449
269204352
274559326
274999121
270720244
274793190
272913083
273657912
272667312
271469302
273403182
273752023
275503928
278958752
271980580
278659030
278149803
272357878
279389394
273050417
272446058
279850423
274928244
271218011
278118399
276772735
277258039
280137456
278193484
281164792
271603078
272010742
271959242
273318537
277636396
273747920
281936576
281330342
274727551
277560274
273515480
277147227
278913927
278680783
275851752
281929539
278085384
277538687
279829270
282778300
280702772
282337503
276073885
278603673
281314038
278015178
282635117
279863121
282140972
279355895
275404904
276397638
276729445
281106392
275755254
282325981
278592309
276206538
283348813
278676547
281569281
276557540
276078521
278158118
282069066
279734856
276514906
284360786
278395713
286427912
279744649
280678837
278265552
279415031
280830387
279948798
277430627
283540631
281074455
286656661
285130811
282403060
281669008
285050628
278815720
282526198
278373554
284311997
286513262
286658988
284155933
287797746
288409804
287540707
288453838
282063720
287278317
280286983
280409135
281644538
288220673
289205871
280006777
284626374
283969406
283765217
280396478
286049564
287508315
281172543
284319687
287499223
289146383
289744881
285540764
285390206
289541590
286745728
281543411
289940296
287165047
282409221
289481776
284383660
284881060
291104454
288607438
289228439
288879134
287105467
285921261
289130497
283757180
285229213
283779185
292361230
285517697
291456439
291649208
290517316
291669581
287736326
289698279
292075324
292131626
290992682
285070254
289929045
292282030
291809550
285053829
289635375
288926890
287397894
291464015
294472786
288431058
294883161
287565665
286521884
285676854
290088720
293385736
295724302
288550646
288615306
292108787
286791206
286994892
290243117
292157823
289177879
291808448
288475219
294548307
287585377
296969867
290362882
296926241
292832878
289903756
296276512
288848925
291723645
288722768
289290133
293677255
296324535
293382008
293632763
295833779
292282327
294045896
294978876
290846965
290761082
293116395
291887080
296038226
297578563
296279876
289713805
295889640
290874840
295923342
292497664
292314669
298948012
293369408
294689555
295060604
295540033
291753115
299028629
300868367
294455702
294106527
295088043
297952208
294657474
301572951
296087904
299466852
292220525
293039732
292337429
300028648
294683611
292663783
302133882
292835304
295865534
296033649
302819663
299829782
295595215
301418340
301668918
297396317
300798783
300743202
300568202
302690513
299923590
303710196
294993145
300470900
300955518
302924848
295170160
300081561
298895046
299127593
303644613
301013408
299385460
303573542
295462998
297749087
295521190
297212169
296338169
304775318
302303441
299586070
300738167
303387697
306008092
306174980
301170720
303643638
303586843
300280485
305443380
302004061
300041730
300092639
304984449
304333743
298931861
301905992
300417829
299668490
302716959
303721094
303087169
305069430
305740193
300629728
304584781
302365880
301161025
303337441
308059611
306203107
302120627
303861687
299845273
301657025
301441419
308524865
307844324
309795487
303284248
305243420
301393243
307007334
303323798
308560085
306508142
303018027
307998459
307460087
306369860
310102883
307109432
310171454
303548773
306509473
308774475
308020427
304369658
303414394
305812150
308213472
306187161
304672871
308573056
309983148
311562561
303180621
305039402
305177577
304641969
306236588
308259310
305162706
309710734
310986693
310299793
305105914
305448880
310776451
309762341
308747280
305872172
311874608
311216053
312769492
309071294
312776332
307218877
310660504
313103160
308194585
306263833
311685337
311642668
305699938
307312116
311422066
309081904
308947767
307284885
308274574
312939941
314338988
311000059
306967558
312148820
309482105
314253447
316563881
315524311
315018950
308931876
314050466
307683222
314164191
311204289
313731835
311892019
314890064
309309208
315145345
315375568
312445144
311225780
310516693
315155057
312768946
313894802
314305646
313814773
312923706
310828683
311473224
313550542
318845774
311947265
316684578
313859283
318379202
310061561
318265243
318635870
315594891
315307335
316469531
318987234
316967663
318611551
317429675
315598013
319258087
318379893
318669951
319418392
314207007
318694271
319597629
313655224
313578662
318373192
314546761
317533859
318359132
320417381
320888190
314886831
313082989
319031270
313172518
321926330
319654831
322418477
320418090
316404402
316482934
318359604
319081045
318053907
314978797
314579158
320031079
320721607
319708877
316546236
315075298
324238738
316771122
322829112
324752896
317183260
324588887
323607189
324046251
320692086
319103351
316573549
320606032
320678985
325429090
325728112
322537529
322905491
320991350
316598244
318826134
319222980
318832192
324206404
325309432
326601134
326083177
324281001
321915348
320130847
325681670
319690542
324485261
326617002
324871262
327823742
324637987
322794187
321647794
320364309
321368638
325057639
322927429
322730479
319435357
328606996
324624683
320308722
324983354
326858062
329185260
321403145
323546100
328166146
324034495
324520885
322771003
320413879
325164827
320723280
326055563
329667662
322005272
326118735
322262983
325749345
321136789
326739067
321318568
330373660
327833350
328357113
324632463
325955672
330109435
324801583
326044640
324046640
323936981
329502781
324157358
324619512
326143780
331987893
331239155
324367041
324386252
328457144
333129190
325012896
330653679
329253083
330215665
328519563
330351741
333229471
324450507
324533083
333786066
333562421
334292061
330325765
329758215
330767696
334782777
329360279
326504717
331080337
329964839
329490477
329480399
327528008
330062027
328821362
332210138
333077342
326972216
332037373
329860266
330795523
330507870
327221552
327578079
332399604
336299594
330991321
332706563
334222263
335036528
329183444
330243107
334652319
333991838
330987124
336518407
336780946
336473073
329072189
329326016
335054528
332220842
330010530
332267504
329702968
338356006
335762256
337745969
335852090
335443660
332239077
336563487
332199721
331851937
334195478
331326007
336415294
336356462
337897010
334711080
330543189
331446840
339251437
340340191
331529543
337341217
336556805
338137825
339692286
338640068
335533386
333746962
335046746
331623092
334373374
341705729
334181170
340957073
334285989
333132735
340088101
342316827
337523803
338160686
334157952
334765369
333378748
340931266
336630177
340922601
337975853
335026953
340333327
339806710
341675336
340091735
335301081
342341307
340846839
342687296
340160179
343652773
337892574
335761394
335527669
341868466
343168119
343625855
344201103
344187566
340107869
341449528
343758948
342706353
340033433
344903516
342992383
338683019
336843392
337807412
345047345
337862584
343607327
345742913
343167579
337554430
344014318
339541461
342574125
344076304
345532153
340462537
338467228
342804483
345753781
339774783
345790027
343105791
348034257
341352011
343318121
338958207
341957330
339443733
344122773
342624182
340990545
347826136
345894874
343780160
340734656
342442835
347232641
341232394
346229044
340377387
343990557
342036474
345161070
346798671
349411557
348042202
349025293
340614795
342234444
347018312
350849095
343825393
347722455
342225698
342406168
346591493
346822824
343387965
350119546
350286645
347477255
343910574
347842898
349377180
351956880
351930628
343892924
345046954
346141659
352097255
349103982
351500325
350084057
343612933
344503035
351799937
351365998
345817709
345356244
352166589
349475879
344304979
352812938
344796153
347428198
351886423
354017535
347497099
345035764
351356285
351241072
345869763
346674385
348799179
349396642
346107900
355276455
350718706
347601986
348944037
349717804
351791570
354326229
350897078
354406800
350508262
353417668
354671406
350655020
352533404
348128180
354182414
355042537
349082104
352504152
356915284
349482055
357507914
349447105
348496869
350205295
352391322
352061103
356917399
355535975
349525116
357419410
352999881
350361941
351075415
354968741
355085904
350892385
358968482
357189551
356673064
351028595
357320116
353746279
359031951
352201621
350386328
351032689
354053003
351530768
353562243
351772407
358018922
351822336
354023466
351922775
357863825
356738533
360691831
353878492
351613438
361497019
360037696
354644654
356145826
355291064
359311254
356758087
353758531
354837947
355755952
361392530
361392750
361406325
361438397
353160890
362646762
359879558
362679025
359554103
362716897
363266595
363171949
358533188
354417797
355619294
361161282
354460062
358719664
362184775
360905892
354893268
362256226
363694585
355681264
359652532
361859731
364046106
358786199
357097790
364162324
356100413
358947961
362188114
358243274
360687864
363642141
363806648
363756393
359303017
365312165
356951103
358340985
363355649
357336067
357680098
357648023
366215771
363835604
358716836
362389794
367303774
363604299
361523317
363858720
358398628
358924773
366069151
364235864
366474184
362104044
366775631
367650976
367206859
364014660
367045802
367429795
360971378
363762814
364114524
365072529
368914300
366941589
368918525
367279283
360931026
361229602
367077637
369692414
368034832
361815123
366296335
365416988
368161956
364056126
367300922
367897812
365694397
365421251
363405885
364365997
366293979
362828942
367156983
362384075
365384553
365508770
369831335
362780222
362555689
364236371
371664595
370601140
368323715
368754081
365550035
363041346
364708556
371024817
368606648
365051413
365115597
364551917
365154924
370802691
364428200
364679750
373359427
368739141
370664903
371930316
370198601
365892594
373058097
371665468
371696924
370712373
370509002
369403287
374205432
370299438
370046981
367445792
370017621
374186339
369285002
372250820
372345388
371465150
372312378
375656072
373820632
374877676
375205716
375652319
375574609
374666807
374863238
371302450
369299250
374349854
372003201
369426700
372437168
376319516
372295878
369250495
374103248
370818154
378227312
371802907
369565519
376843739
371602892
372538293
378591414
369720304
374982285
371618081
370470516
372567520
375198727
371005446
376335449
375471557
372101291
374182257
374542720
375906070
378283716
374121627
372554517
373517305
376759333
380606192
373975660
371773638
371362855
376548044
376266136
376826950
378830407
376004907
380797739
373773174
372837450
380041941
380812790
372533537
373960171
373566998
376845413
380641157
373057673
382301606
374156211
378278765
381055254
375227843
380510215
375298049
380571619
375297656
379385746
381431159
382373926
374491733
381641269
383691492
375656257
375027123
374807325
375817342
384078003
378882177
383843384
383838374
384862294
381408215
378813773
379684863
382316066
375851057
382489163
378623244
379136701
380998765
383720882
383587404
384764960
377901923
381566852
379081298
384346314
378618000
385617460
380277796
377376326
380724259
378859849
380054488
384747770
385325358
385098596
380782616
384012743
385491483
385811359
381978660
387835764
381820154
380745298
381053593
379706751
387029855
387776899
381424695
381309048
383290378
381516135
384984071
387240879
388948938
384069227
388028611
382819213
388337752
382340685
387997771
383785010
382777752
387432357
381634345
382239830
389520333
384346962
390993298
390949282
386353164
388586556
387559528
387784977
390074941
386698688
381908950
382066414
390599214
386520675
388256986
382827476
389869826
388442317
389663877
385318740
388753092
385594773
386990394
392439758
386431764
391688873
392471736
386352668
384597266
390673558
387380063
385527043
387335019
391729894
390095495
389172301
392183519
392979913
385507667
384728241
390117598
394779983
388733479
386291732
390119460
387819206
394298834
388081421
388757522
390102481
390708013
392834830
388908460
386694648
389881003
389480011
393323942
394902817
386850187
395075377
391386990
395138426
393243232
395712124
390846488
393063216
393683962
391431350
395758672
391193899
388676023
394014483
395382439
396071396
388824976
396052086
394179730
389455024
394070998
396805157
396635492
398682999
392890946
391814029
391586695
394840017
396053504
396224737
396822770
395906301
394527299
398063018
392344066
394902876
390258966
394142492
396896399
391010968
390909349
398991367
395250714
400761877
400734647
391660155
400871757
399136029
396207216
397614817
399632407
397607733
397253205
396100374
393677408
396783126
399718529
397317228
395635303
399228540
396655609
395996738
398897366
400208744
398203650
396308570
397971294
393363496
397125333
395467586
398704913
397468251
400675112
401437919
394804024
394622947
397023885
402032910
395440941
401796417
398571439
402273248
395237850
402548420
400419819
399599479
401785858
401121142
398096305
397688921
396762330
399901904
397949382
398059612
404348213
400105631
402391395
398887581
397226707
406017406
405648045
402993191
404666054
397708167
398798224
405690434
399566760
399011362
403378320
399586546
404970063
399890173
400614125
398914709
398302480
401722990
406883917
398922903
401275607
405614687
408230024
402479531
404139534
408146671
408234126
407881176
407280639
406927728
405651964
401872241
400199577
401029685
406854378
407045462
408400862
401016446
403382280
400817045
406787098
407572083
408018242
401576777
409558962
408946310
410153616
410589035
410982944
408280931
411184282
410333533
410647451
404655862
409974598
408455876
406563073
406009551
402664182
409208420
411749717
411261521
409828481
404424391
404636231
405399563
411733562
409682511
412904490
411779799
410878751
409888046
412882431
407606177
413390809
411948409
409735812
409283843
406291114
405079037
409718570
414386493
406919802
413249688
406371305
406012270
408427656
408711604
408422691
411542353
413120144
415145711
413272419
412203898
415476591
409883632
410631108
412910459
412137834
414245545
408341019
407581637
407556957
411527252
414190371
412644346
408074509
408502314
410580209
408999820
414611962
414428226
408836094
407800479
413828909
409241653
412411668
417810940
418191125
417082020
415969565
409210568
410761979
416479935
411785446
414311550
416508446
413635366
418519258
415145739
415452906
416435822
413212071
417157667
416455128
410592759
415142350
413095607
418496897
415074735
416454181
411256176
414632480
412941528
417522210
419064581
420055132
416770040
414543924
412370975
420821687
420935702
414393278
419322891
418340197
417219790
416329520
415570181
412318333
420223880
420471639
419718374
413057844
420444724
418700088
422724611
416649647
422471347
414633138
419415499
417155547
417298801
414118393
419803388
414870193
415549377
420907893
422319985
418073784
421255332
414428941
424164724
417337661
421008973
416607379
423514480
420117777
424671216
416875219
422798878
420144190
416714668
421545354
425465158
423097911
419805840
423312829
416860749
423417053
424667942
423976241
420996649
425283236
426590374
422473669
426421660
418977421
419991236
424337404
421149695
421165143
419224988
422309499
418909347
424309597
423535587
420241232
425943545
423429795
426585659
420102568
425310168
420672725
422770881
428095656
428174158
425164368
421731040
428740505
427612788
424865755
425194288
419890838
428375136
427034879
423717024
427558530
426700137
425260107
420528125
429736821
424146918
420924160
428920266
429406235
422418703
428261340
425127044
424060086
427495661
430105771
430758990
426591383
425774254
424450285
422743271
426496445
425995397
427442195
431212940
427399665
431221423
428994543
423679254
422972967
432547106
430726803
432753520
424944223
424721237
424003204
425061045
423664465
426387600
432741638
433056478
427182173
429263512
433382222
434120808
425019415
428765052
427065824
431746558
433336400
431680737
425194427
432029378
431091659
431241676
434877746
431224584
432150375
427742878
430159390
430412835
430382122
431004905
433927800
434392655
430817192
431173444
427201422
433334324
428239183
432018480
431180608
429526748
430166510
430668871
428037800
435231581
436512527
434638985
434747860
436855080
428037622
432169912
428313254
433310274
429209566
434625496
437065757
430813223
432886961
432091388
436854637
438407070
431407682
434960604
431278664
432483624
437609348
435557546
432683384
434894206
431928892
437334267
439013003
436364874
431674375
439303581
438520149
431492815
439305917
439158477
434496610
440365631
441016055
433809568
435839498
440206088
432101516
436410791
438239954
437740397
437998956
434007544
436901476
434960185
435604985
439301869
435551606
440134463
437596463
442790313
434093957
438599563
439437116
437853784
435116118
438615566
436728617
437154487
434941698
437284771
440700594
436593221
437449284
434522513
444151602
440244249
442750044
435568176
435761970
441062998
443923096
438479551
437110476
441612323
445339215
445265743
443990302
441446739
442193534
444972804
441506605
440804045
441767621
444947327
445508070
444237714
440744597
445340958
442281031
446725278
440044596
441159328
444711193
440069394
438605906
437920128
444079549
443726932
447240374
440538815
447178437
443140070
445399975
439510744
445181115
443862272
444460508
445066327
441819509
446205942
448894884
440005726
443016291
446196581
440477150
441175953
446817591
444436730
445710442
442731747
444209279
440306846
443735269
442232997
446590576
446874954
442086049
441476294
448782778
447175529
444430044
449817741
447640571
449697250
443294002
445171320
444912550
447882692
450881591
444178732
450493585
451210035
443412802
447469459
449018529
451526405
452032197
444933164
447556533
443162244
445783409
448966882
449378350
452634732
449958808
447143161
448349942
445121802
448090548
451513417
449319873
448922513
453157468
451769741
446932740
450785340
446619672
451842882
444895524
448854669
448915194
451894865
447955468
450236916
451885065
453538513
448762606
449389909
446983146
447660476
448218240
450349576
453927007
455609804
450574159
447887339
451967006
449698720
450637264
453162107
452733831
455783529
456185064
448195508
452484185
456491101
448176877
457299836
453897189
454206328
454341076
453219812
448951354
450803991
458009337
455225817
450374197
454104760
450547738
455630710
454625853
455325930
457353479
449669078
453270000
449841613
450093218
454466044
457534348
456895835
458679824
452127994
451596136
453859327
456455665
453275945
458971851
452610319
459930488
456927603
454625786
456533877
454353165
459944465
456917809
451907280
452002211
453345974
452079393
459237958
456653593
456130349
455417589
453035582
456253128
456100993
460461476
454364203
462586193
460203495
456081735
462405301
459367950
454534647
462719148
456035430
456243726
457578145
459862842
460323756
455200267
463771238
455533073
456702802
463545866
455264582
461299833
459751569
462147238
457281835
460734109
464762142
462824463
458016871
459584944
455677268
455751247
464897024
462311847
461018978
459632673
462404350
456552940
462996771
465029556
460712272
461809869
459712390
464081408
464812847
458572091
459211775
458398445
463986749
466564767
465617807
458491015
466194435
461742534
460876500
463307444
465362003
463559403
460804251
462942492
465543662
461346033
459272413
464491251
463684994
464751404
467332299
462160725
460814926
467139496
461325017
468911534
466205022
464841745
462055325
466092833
464569596
467803410
468558907
460670598
469925097
464764529
460761454
469441372
464945386
465431677
466567593
470021861
469021814
463631007
466972758
470251321
470299832
465911381
470119479
463770797
469454039
466065365
470303127
463367893
466893321
468094873
464042718
466530740
464473564
468411642
470899369
466680150
472853732
466948113
468760262
469416131
468293874
472723607
468318664
470108044
474032047
469945563
464875472
469312081
467910975
468534196
470368108
466675425
469240103
473065496
469733827
468735484
474002295
472881838
469925935
467769193
469450467
474602796
468167515
470705006
466173474
472232616
468111471
466754333
467997609
474659514
469858420
475834112
474779828
476720745
470190547
470325919
474079165
476569761
476486423
476828774
470288663
475844803
476176431
471496515
469733154
475561526
476268756
468592954
477944706
473560714
476257149
472847863
477043182
478269466
475992054
476610953
471579097
472414538
475060766
474937516
471398000
469817823
479764410
476733600
470748113
471412375
471664873
473772378
472098233
480266012
471580791
475411744
473516189
478528868
480756941
475036704
475035701
476886313
479792264
478135647
473772255
472853427
479154027
474371165
472543655
478201533
481912092
480903082
475203672
475785992
473546852
477878068
472996450
479268177
482710310
478079028
473762259
476172573
478464782
481915676
481139935
483183553
477330335
482676895
475080815
476881821
483573259
478213128
480673875
476156034
478160045
476449293
477901200
484303955
476479865
477191404
480110470
479469621
480717081
485590902
482966533
478567427
476972337
476827818
480918838
484858949
476342702
478738759
480442212
482925101
486545453
481081340
483251378
486758964
486834708
485134178
479696428
483125768
486765903
483205894
479635990
484407056
478197823
480113428
484123673
480056262
482136672
479244512
485129868
479085261
482881853
480277662
480429606
487614639
485690528
483702602
486199799
485950109
480165092
481227529
482373319
484600802
480326180
480062907
484752901
489633754
488528095
484021699
482796775
483217318
483338333
487812177
487096571
484125367
490933976
485838963
487701493
483376268
481747581
490642864
486260099
490570179
486439129
482765307
482758081
490781370
482753487
484531267
491180892
486317344
491375593
492258900
485102936
490644039
486282559
487074663
487193119
488351050
493256472
485211235
487931667
484747396
489615512
487053036
489850259
491127380
490324633
493918599
488619962
488794253
489970637
494092938
493458537
486270811
486766430
493937130
488940120
486945994
490324623
495391909
492477897
494272084
490578963
495236332
490498970
487000371
494102364
493410669
492345226
496590360
492379666
490643476
489601193
496003567
496094057
492996476
487582280
492600272
488954329
492004508
495079862
496284178
496401144
488882413
489403841
497537389
497321350
496021746
490777817
493119246
497167132
495846262
490307013
492784405
489186303
494506254
490595403
489927148
497520108
495756297
490106407
494034705
491082287
492113115
498436791
495670961
493061593
497158020
494073802
492770018
490732337
498951192
492155090
494074912
499014610
492615362
495394418
494425266
500218685
496862022
495982704
493600511
493034426
500280509
501683843
496089863
501315130
501070283
497736855
500641984
499968729
501057215
498925315
493255264
498765152
495307367
497367053
499840985
497913258
499214460
497718178
498354984
495383420
496518542
503614434
498013259
495101687
502690369
499670657
502865303
497580530
502119762
502397080
502356439
498351466
497639343
498694095
499697901
503348236
504232134
501248648
498568762
499615917
502211074
500463282
505793582
505650619
499475328
499075266
499648887
505013719
499178792
505379773
506833259
497396018
501699254
503053261
500277721
498583577
506027679
502571099
500323113
501202054
499724791
506727953
502473273
506334414
504496483
499735771
500573400
506286299
507109947
499603119
505553228
507408536
504711619
501802082
500590029
503512057
501497556
500364252
508957512
509148531
501346511
503524711
501089762
508701109
506419758
502467955
510211266
509934305
509016958
504511673
506916518
509304860
504498578
510868364
511079130
506614369
507566794
511520614
508447432
507256558
505653541
511148455
509411466
508312428
505260011
504032590
503793938
510717054
505639293
511291199
510231648
509169969
510404350
506451430
510604965
505784791
506215466
511160852
507434099
506749484
509125098
507810487
509094961
511525880
508139880
506851823
509058221
512582742
504952232
506489978
513431693
509551576
509583458
508128287
506121771
505717180
507913639
510827960
513884147
510050289
506675309
511677549
511497808
510481301
513774537
512912558
508657730
507369438
507684355
515120136
515101241
511226862
508167974
516210140
511087022
514162402
507959137
517512727
512565267
516680939
509959389
510961175
518198798
508957545
517700919
516324723
510549082
517882803
510676029
516942731
513538918
509821714
516422223
516807603
510864234
510216747
518090100
513173002
512602900
515368477
514559407
511723376
519965240
514465095
519050020
518491174
512151855
520137832
519033830
520821678
515412049
511950778
517762300
513012244
520937973
514098110
515680467
513852880
516832645
521449458
515345134
516467845
514887439
518758189
520124122
521951394
514668533
518067339
512989899
521117104
522484654
521103679
515165232
517875903
513505960
518746201
516890070
523224812
518011918
517769059
516574423
521786507
518841562
514976666
519870505
516622631
516542702
516520522
519896385
524797340
517089357
517319176
518602463
525159240
523320612
524899799
520605999
519787248
524096027
524136150
523386234
523230164
525956351
518190049
518189037
520412746
521047548
517272523
521207982
516944248
524641313
517784586
521451846
526085982
523615341
525374298
520135876
520460061
523022619
524720344
522973744
520042450
522485068
526206635
520070154
525262771
527766291
523115524
526758613
522642877
521493445
521099979
520990207
527986262
519484821
524755279
522495706
523215344
524919347
524573581
527655484
527995509
526302575
524034418
525276111
523543122
528492742
525394248
522381682
527893331
528810027
525250338
525991657
528298679
530874508
528077747
527582742
530249158
522635126
530965294
524508574
529861789
527912518
523889324
530696846
528562339
532535342
523921636
524489007
524905969
524726751
529523248
525964690
530703766
533210628
530456705
526043124
533634300
528888497
532022077
525647718
527646813
532083446
530227903
528945498
531341319
530757266
534346032
530380183
533239267
530752751
529937487
525565074
526748766
533850348
535038135
528810636
529510908
531176638
530491297
526516296
528998413
532479439
536284708
533200562
530842739
528303117
531829892
531689185
527307437
534158093
527795382
529165729
527529141
534174860
534665207
534648500
533515158
530461497
530623282
530381442
530415738
530061800
537143496
535272626
533714285
536031522
533411198
537250718
534403788
536432406
536638793
534462338
539108259
529923005
535716218
537529654
531360696
536879909
539182706
538841717
539588204
532378760
538228991
533722939
538285380
539342227
540273059
537886758
538372695
539397323
533998078
533864235
535067059
535195844
535604567
536958164
539267202
533673968
537435912
535856313
541580348
540691154
533505167
536023654
536151241
537141684
534183632
540647214
542376019
541986631
542110337
539607175
541257295
541725469
542732284
539091339
536031894
540662964
534551534
538489720
540337965
543181785
534692653
542554375
543116682
542325343
542747112
538531934
536556029
539462430
541254341
539775389
540694979
544165218
545198124
538814623
535844314
545360070
542646989
536841640
542345737
542033255
544926210
536849145
545880661
541139474
540454329
544926389
540117198
541077662
540391972
543142964
544749010
540693853
541232316
544020920
547518770
538651686
538352966
544568140
547570946
541256645
545859942
547301875
546814274
542943645
543584046
545155717
542338294
545096095
542653792
546421824
546156036
547387805
546886630
540862370
543038629
542285946
548775477
541715218
547408129
549332577
548854376
543577274
542719279
545735369
546293988
543325123
549514269
550634221
545260625
542181132
543425939
546146234
547690111
542664065
551416542
542292169
544943431
544083466
546989985
545294325
550676920
546122699
548669499
550059733
545493234
546180820
549638073
552399389
548998144
549118939
544043767
545209172
543740087
549645441
551536569
546624760
545243997
549623256
544719113
546552627
547792718
552382688
551981341
545453878
548479930
550115246
549425923
545242952
552821018
550963109
553944763
547156712
554335602
551110472
551988144
555613254
546812907
550335509
548485185
552010853
549776533
555622676
546534141
551266872
551212009
551223730
555767758
548830718
547845970
555114366
554949541
552015353
555574312
548548224
556059054
552669116
552503635
551765090
555878232
553816499
555048305
557582032
549045525
548957529
554816716
550443682
558027983
555604502
552202654
551464166
549832831
550581585
550927967
549939817
554475167
558939176
551668320
555309740
552774533
559015395
556787061
552553858
552537067
552394126
551725346
556597919
554420469
551397909
552269503
556728156
558531606
556897667
553088110
552123689
553666661
561353594
556009965
555128517
559868039
552632308
556023762
555719817
555858536
557564222
557276624
556182872
560199066
562988244
563075328
562291766
554928133
557430026
562359956
562049758
554686971
558176439
559198682
558282724
557935398
554377730
560744999
555821438
557701338
561696843
564469332
561934632
558260416
562204161
563982393
561477205
559142492
560241096
560218673
559953213
557787628
562636923
555986994
563695520
560540516
564191333
562428544
556724323
560900563
562569702
566288028
558843569
561905114
558130019
560412927
561416699
559470075
565009911
557791803
565679159
559980716
561628852
567866138
558358527
561541462
558261044
558694316
565956928
561733246
567877859
561949464
564712250
560004357
560214762
566031995
560378013
564868102
568746962
563054269
567652411
564619944
564583986
569856850
565284610
563606969
566497861
562284866
569403291
560906698
561495922
566730260
569771070
565621159
567638466
569742805
567082254
563042301
563838001
567468211
562987967
571152291
566834768
562800920
566788929
568047508
565799979
571474718
569464426
568037084
570117471
571612213
564912282
566932969
571033739
568334828
568819901
566563669
566434345
567323637
565405608
565749207
567971410
568558700
567871056
570361996
565452157
567912232
572666855
565992826
569023586
571606425
565815678
570364231
569181672
573306803
565619804
569008848
568331226
574798232
567726718
575453873
574536390
572206040
568434533
575166645
569875779
573453336
571267297
570464058
570211032
572101093
567027473
570424083
575861212
571477613
574300191
574161185
567992286
573882317
569058707
570567149
577742656
569043908
570630174
570540020
573638846
574811465
577855933
575420324
575187620
578099335
569060271
574600746
577317281
570074039
571854114
576037236
570887675
573815845
573874329
573446223
571904564
569925904
579092555
571032244
570474707
578824895
574329339
577576164
579733478
571076391
573679027
572006027
578268103
577858324
575902395
571619794
581143883
576504499
572210942
572167504
581129491
581193178
575358777
578024274
580332580
573109730
578448855
575221267
581601683
572859349
579569588
577548084
574015051
579102979
581285685
582536955
576802577
578007282
573730828
580792955
583482787
578704948
575652390
579968338
582466885
576748031
577211687
582021063
582746902
583404113
577460947
576680981
576594690
582072207
576248515
580417711
583184395
581926646
578407342
576351102
582696313
577599542
577738028
576505634
585076123
579208837
582416954
583341639
584209875
577702842
586660444
581646028
584349222
583337336
578554454
581450861
584931157
585111075
577649758
583632541
580567287
585829550
578276424
578189743
585686544
580650515
583446258
583912738
588500501
581615292
579977970
586986501
586523085
586460843
584199711
583168420
586607316
584871349
581735233
585748843
585339939
588464185
584623571
589157011
585761563
589993732
582945575
590285712
587171391
586319842
590110642
582509715
585996546
584251521
586781206
587562466
586932360
591374525
585222387
585811882
587353289
585645037
590089568
582645072
585432361
583979984
583120569
590141550
591256955
587464538
585913183
587910710
589288247
588906686
584583013
583779588
590735609
591199130
586596370
590111219
588097101
593652940
584113228
593279632
584775168
592689367
590636256
591059715
588917250
585052805
585548094
594688721
594619627
594849770
591338408
587457744
587335184
591917397
589581122
594123283
593691466
593172467
591039464
593782256
596052375
590573751
588044464
594483583
591896339
591745949
593044283
591095876
595093302
592264842
587263001
590163826
589170303
594058582
591519672
595857550
588310088
595930110
594080549
595585137
593935262
597259801
589752844
593428646
591386803
596191492
591214730
596339449
592477568
596250709
596498755
597592277
597308816
599155080
591251877
591488594
596224891
599744520
590298045
599769714
598802376
592821901
590487402
598319460
595148096
595220994
591511062
594929167
596586511
592782481
595579468
597113097
593634857
598884190
595589280
597160967
596338091
597850196
592971400
597596912
592346540
592427069
593080804
593428242
595846760
595188608
593800980
600793891
602982930
593336631
601752292
594301034
594262718
601161555
603212520
598956980
603624594
601558281
601789962
603908571
598689030
597934973
603011215
594955496
594604791
596195323
604569104
603862566
595165066
599252980
600592438
603715355
600823517
595975721
596691477
602656146
598977270
598983066
605489186
604262979
597118985
600216170
601395863
596891749
603017925
599604158
601979578
598309517
604338569
600316115
598148861
604464727
607295139
600165701
604026266
598546707
602991520
601683262
598192068
598490297
600724018
605321981
598827092
607049174
603271875
600104783
603536544
604024137
600445581
601850311
604779102
608295814
605799453
601519976
603615082
600897889
601801577
600354025
604027179
606161677
604672788
603747020
603015598
605282388
600773427
609100111
605297696
609969382
602820918
611041993
603941569
602487637
608741583
604539113
609532966
609381734
608694944
602296846
603133194
606426805
606797301
605848528
603526569
603574604
604594147
606741791
610000989
606710627
608246674
610400043
607671737
612889429
604428409
608028092
610714498
611926076
607584767
611955523
607295745
608754182
605979144
610178368
609404348
612861472
614507926
612996725
608558808
612491083
609473183
606422935
607336006
609582404
613930586
608887513
608308520
608052091
612479162
613675458
607848211
606922520
606973484
610501640
607543907
612657669
612855991
611975673
609504775
612610178
610268449
611491891
610278960
609556234
615389858
613710683
608425554
615178363
610688570
610412737
609992253
608483808
617204507
615463644
616249676
608859046
615184984
615516453
610158880
613265695
612259421
611514963
615461908
610508488
615060393
611451336
619543328
611876494
615492662
612183004
618283385
615714004
612414103
615348474
612932740
614685929
619944448
615387512
616738734
612015852
620307524
614383081
615448969
619252051
617229211
620827999
619928293
612011611
617916628
619438427
615835574
618906091
612227471
621947702
612677410
615673416
619157362
621546462
616328967
618218390
617434010
619637967
616672810
621138702
620958681
616206542
614998781
623664813
618358707
617563229
620912949
615257395
623322983
617827901
615589464
619276181
618872793
620834085
619289213
615660553
615610560
617283994
619953720
617877498
623351781
625158422
625521706
617785140
620633773
622136959
622335414
619631606
622770405
617413420
619515357
617042718
618061169
620901749
626213924
621903076
620076616
622681015
626110087
620829885
622692861
624700714
622732181
620337781
620786617
622289035
618552765
619383787
619227706
627246571
627077552
627003736
619537669
619857932
619675275
620682848
626603058
620444775
623905743
626960527
621518339
627484524
621922095
629420274
625568606
622697777
629251553
620172521
623164954
623171856
620414082
626042639
627564516
620739876
630700680
623382989
625070116
626510575
628396912
627803909
626981313
629702789
628881884
629567033
625672590
630080090
631472316
631991698
630935333
628358222
629993404
629634300
626078083
626832770
627387302
626767510
626040789
628184317
631679691
632042949
625454232
629645157
630171624
629054666
632492297
632636055
633523487
631061994
629915363
629838793
633185336
624950554
629101109
626204724
627364257
631212196
633009182
632415846
630622121
625966742
635058785
634300078
630754971
627613824
629898942
632856513
631079091
635753475
626642980
629540968
627536541
628848761
627070820
636109181
626976321
627908030
632613272
629535733
632626114
630491857
636034668
631785122
628746206
635388093
631447438
637690454
630874143
632862374
630257941
630188741
630288300
631657801
637285365
628856752
634402811
637532499
629781747
637632599
630884329
637452114
630740422
635447246
636449554
635505532
637747622
632886764
633731033
635218947
638838988
635151618
639854519
635730097
635084423
635376080
638707192
631681441
634076014
632895574
637135867
636079111
638557274
637192779
638194750
639001529
633935050
635106816
637647613
639396632
640172195
636146719
638010040
637115999
636205544
633449223
641599691
635348066
642925963
641040773
642990847
634691065
640407777
635085663
638306418
634782269
643230926
638043110
639975829
638156982
642633643
640382354
642072637
640997220
639265726
637271434
641090877
640318740
642882737
638889125
645037897
637960859
644714045
643017203
642138146
639992942
636831111
643068302
640381083
644426695
645816721
636941112
644141465
640903230
637291602
642361144
638932563
639870224
645075923
644859973
642202594
638415935
640914532
645364431
644623538
645084280
645898889
646206437
643195428
640823426
640402544
644045619
638894359
643413390
647408926
647804534
645891657
639094554
645284568
645348102
640803281
639786450
646708732
644446188
639964053
641754301
644244780
640945526
647810693
644786427
640230860
642090484
646559546
648351176
647256716
646377389
645814311
645088748
644547911
646366120
645248177
646130572
644266741
651475873
650218223
648930379
646102894
646015376
644509429
650796165
643576029
651821040
647734417
643252587
644340900
645474143
649012996
649379978
652184872
651346934
644446765
645345569
650533341
652672948
645710526
645436483
651669701
652649456
652893818
646547853
646445671
649872912
648742119
649347710
646148331
645357272
645169362
645990900
654285827
651182144
651620821
646929587
651725279
650031155
645714144
647643481
649602303
646595159
650884838
652485237
651825444
651462898
653890841
647422028
649826759
652563826
648003861
648341509
650589460
653604222
653004762
656342716
648474687
656268310
649332541
656337001
656418712
648919838
650949482
655236060
656608672
648736277
651170136
656856258
649290788
658365581
652011101
650156924
649940185
654119142
649813656
655048797
657830899
658120344
658895630
656733842
652424501
652080543
655973243
658622311
657572827
653992227
659991560
653637012
659303892
653993250
657099522
659798696
656244654
659961561
660099344
659518595
659929135
654524531
657576978
658317494
655038059
656209975
658249633
658936363
654778631
658793914
659110952
658627386
654475404
657704285
661884396
653835982
661927285
658455448
654190210
653699055
654140216
662373921
659520458
662506032
663423621
663164626
655028237
662250821
661641035
655175018
660572772
655239209
659568015
663163353
662341558
658343125
659762061
662917173
663837221
659619871
660278029
656604557
659522719
660065329
657983158
663676606
662813090
662795480
659693887
664202109
664318841
660567116
666331473
660816793
663372031
665940732
659213125
663060097
662092002
666401611
660554284
664620031
657949223
660556415
660333178
667000297
665556129
667758321
661716359
660519767
663235168
662887566
658624891
664071133
662226435
659273274
665546835
666627228
668542692
663056533
662563309
662253991
668111369
669207415
661134454
669309856
664165767
661280009
667957789
663589739
668506637
664723288
667093451
662206076
661296690
670298336
665740466
671082865
666656765
666377451
667200909
662111837
668335516
669135078
663247574
667421811
670790866
666526323
665490884
666950412
663132292
664671018
669394766
670014262
670351524
668015936
663559386
672902701
665119627
669501607
667230371
669770088
670751554
667465016
669195564
671557367
673350308
672176075
664374874
667296747
670294420
664961351
673873881
668693367
667886631
671720156
665905192
666475809
672459359
670226470
665664195
667647122
674028100
666463275
674208830
673084982
675933676
671475840
666487271
673142068
672102856
673878922
669524474
671108875
671005794
667732110
668087141
676581314
669699539
667326114
675303349
669817136
669354397
674392342
673984733
674831391
675152505
671177632
677156040
674306012
672568013
668818463
672847014
678056983
668888725
675452845
675460125
672460670
675716210
674120880
670784408
675977826
672609324
672736649
671790508
675977431
675526282
679251469
670632069
675720043
675367359
677747781
677929683
674610344
673675800
673151432
675198853
671743747
674310473
674226140
673077418
677570597
679820301
678927897
681192891
678722321
672642015
675815868
675650197
678803333
680193934
674263839
675771063
680082250
680051875
675451207
673771789
678314055
677426756
682702947
679009784
673519850
680908985
680753470
681220956
679962816
680957789
683835699
680410887
674877199
682835374
684191225
677979750
682877264
683272665
684798524
679771124
684157297
679277923
675645665
682880235
678787950
680250096
682795079
683433293
680388508
676062200
683570134
680051460
682738376
685328120
678541674
686034558
686051799
680517826
685981457
677460028
680703447
682848112
677607258
682041451
680782844
682979305
678933118
681466539
683126745
687914756
683512381
679796237
679062766
680390171
684422569
685926999
683755882
680743672
681134808
684883205
688863624
685302516
682231728
682495668
682173197
684758212
684166254
683841837
683066111
681334475
685348524
681362430
680450913
687630269
681628342
683342234
681673872
683501021
683022833
682922822
691032669
682243414
691056537
686697864
686081139
688953756
683688790
691228935
683418231
685608366
686790304
690144111
683768833
686535152
691301098
690923522
690582993
689869791
691463753
692209919
691283407
688494151
690756844
691334672
692087570
689511409
688344178
693273142
690505690
687659485
692504264
690409345
687247903
688830947
686532007
690196814
689355074
694114058
690653387
687702360
685818979
692689598
689373231
692962302
690197872
693340286
689531399
688424592
693669402
691325012
693534786
696069031
690144000
692286416
695626817
696183484
692764632
691408365
690108071
691658454
690684276
692033804
696730084
692972781
695653010
693788148
690530315
695683372
694313938
691054274
695310232
688927059
695273304
688780149
689719718
694632086
694380359
695567427
697230866
689953462
697072230
694567736
691294214
689784242
689641732
694690745
695215094
691688078
696612374
696670012
697913618
697857616
692769021
699958898
694233124
693074329
699512352
695840271
694783088
696593297
696501274
697701698
695443489
699456896
693832523
701488636
699823519
700618653
701729795
701909196
694539899
692868364
699705135
697247990
692919286
699246247
697408748
694696595
702584805
702229943
701180781
697969920
698175690
694320227
696878194
696823069
695380675
702510316
699852823
696476728
694552548
697878099
701543151
703381949
697353124
702443595
698208108
699467949
697857906
700552755
697109395
696087541
704043564
701157321
701405260
705512197
698757424
699155273
702828061
697396646
697410266
698621853
700597475
701028360
703564181
699946930
704958151
704260273
699489197
697525232
706666557
703332295
705530648
701308614
700227196
706591783
703742704
705298570
705211034
707990259
700218864
704643424
702434925
704055527
705625527
703999725
707950176
701961893
705222691
708233152
707081275
702731051
707949687
709391543
700245014
709432723
707605754
700871216
700556864
709365833
705995466
700860125
705842545
703612892
707856256
702762082
704842983
709233807
702653214
702778906
708858680
709064755
709663650
702592471
710106477
710556829
704232658
706232048
704578053
707599607
702196889
708369850
710826594
710427182
704835003
711612375
708504802
703349858
709633205
703197740
712113204
704239576
705807743
710242407
711904314
708329035
711905870
710017919
705590086
706946242
707663433
707962197
708927347
706823593
707978628
707911317
713224159
714329332
712290744
709619412
705101934
707153111
712616114
713996690
714603548
710150914
707929756
715100973
711044324
707897457
715390515
713026030
713550666
716169444
707554383
710438912
710078283
713685634
715222882
708301976
710050989
709740671
714410095
710457526
709673394
712711029
709335728
716016450
710383265
709394855
712373978
717691231
716854413
713211286
711289409
714676692
715357120
711252313
716207410
713133910
711863974
715806752
717943463
715530830
719055942
718035241
718609289
712446600
717898050
714735246
719130109
714959181
717491435
714772985
715449545
716286860
714530654
710873503
714811664
713971656
714929833
713769279
711596846
717054320
719067893
715859695
716966679
714541948
715913894
720762597
720614989
715364648
722262587
715393542
717849324
720911637
714038121
715096819
716443384
722268004
721820553
716760918
713320296
722410421
722367609
721624229
717742356
721996741
718262935
716309304
715855025
723410850
717527225
719329696
716507648
718579441
721750356
722772403
721138005
718269277
723364317
723195856
715854999
719309130
717410217
719425962
722755143
723714677
722322362
720302847
723466918
721833088
716815306
719007295
726499728
721115545
722192205
721377960
725505275
723335264
723417242
720033147
725623707
724005741
721244432
726684039
722800977
726727793
721882471
726323772
722190787
722106607
724597941
721947085
718536489
725666482
723115944
725844428
722722588
723199917
724238162
728053992
721803489
725300061
723909312
721098265
727456441
722446401
719965215
724210276
722134189
722741317
721418550
724431819
721975350
726054217
721555538
725723303
727172974
724211842
729156159
725794861
721685987
724519418
726645213
722037203
731275354
729689492
722168918
729828593
722589132
730977984
729466920
730728635
727236086
726244304
730578510
732257940
725367210
727167172
733065981
728365904
725796706
728214803
732309056
729272623
733699714
731730034
726975201
726941061
724126182
727533359
732491489
732689497
725336922
725025080
728193186
726839052
732554415
728930702
728213620
732284687
734583614
731525745
726992704
729212663
730122265
730981567
726538624
730886809
733955158
733120344
728237648
727857272
729614476
729566952
734700094
734200289
730768314
734429064
729481743
734359559
734074982
729768090
731748769
736953858
732696994
734430085
737305530
737716541
729334306
737187912
730783904
731985896
733793243
731491321
737755201
730222726
730278285
735036301
733628443
737312357
736658391
733710456
737723445
736801361
735469017
732290067
731468641
732239779
739669526
735159214
737278531
734571485
730968055
737335576
737288540
733220170
739883576
732762976
734486048
733150331
738194499
732807217
735515465
734152330
737180859
735956173
733249127
736068776
738853123
741839322
735757339
734902522
737830747
733835204
734047538
736481230
742750116
738921138
735828815
735873355
738341637
741850530
735866297
734906593
740838500
741337858
737847530
738350585
743475779
743677159
738221292
735239680
739372028
737493802
744463057
742137115
739148223
740062362
737979609
744754332
737810750
742602538
736355358
737487743
737290508
737830786
741398063
741538485
744171590
745183788
745340270
743847381
737670707
739625388
738170561
743599136
741925008
739534516
741929269
741381005
742240660
740269155
740978150
738992127
743427319
737920519
743217332
746319250
738422475
742359643
739520393
738610222
742076285
741486882
739570042
747611916
748373443
743032626
741363477
740404967
744995956
747335973
742729889
745647511
746577512
739844304
745744227
742384957
741018476
740424067
747628334
741428082
741489176
745362924
744979582
748715663
745220418
745768152
749993080
746866040
748147113
748791807
746811054
743604747
747190993
745800079
750051986
746166586
747923223
745559808
742723030
746429723
751916889
746142601
744474264
743750035
743827378
746152082
753012827
743787213
750785620
743931251
749227685
750251575
745710050
748400221
746667028
748432882
744519051
750777568
748509457
747298428
746893472
751389506
750841136
751301610
754460941
745383752
750179451
750659896
749868804
750850112
745967854
753874020
752430515
754090005
753247389
754235959
748633804
756185950
755434348
754452976
751224396
751278400
752783571
753339897
750735930
747013199
751501495
748057701
748567624
755782316
753396929
751987849
750819654
749475638
748715636
756933519
753896182
753495134
753042955
757845232
757372458
755433519
751920922
755261909
757402882
753962641
758824941
752343304
756701378
757961257
753289516
752963590
752272752
759480266
756311042
752720099
756047875
757223738
751395045
751698884
753276742
751414652
756264608
752328098
753346028
751566779
753467327
752944455
752816663
759479911
758251479
752120262
758792408
754878847
752204720
759909728
759556471
758673629
758407581
755357980
758150726
756205174
754252264
758417935
752914154
753784755
759273325
759063208
756058232
755867343
759948864
760684127
758028442
760306591
755064336
756912087
758719320
761804257
759727120
756027835
760644463
764359205
761763557
757476728
760860596
756066458
760034340
757443644
763082466
763977727
759774692
759256944
757103028
756308927
763337096
765749167
760573131
765465315
765545087
761840519
757791983
759092371
762511187
765193655
758166135
763254172
763832042
764480519
762613415
760485054
762586047
759487291
764746306
767496947
766701753
764574235
760020007
758437868
763355035
759049668
765486859
766574707
766667757
760627195
763856024
765356191
768819069
763959389
765117971
769367209
763711852
767400963
764238505
768574077
769589669
768090283
761459248
769393676
766564445
763002236
764785446
761983292
768264359
761875937
765007964
769073486
765065658
765858590
769013554
766445162
763825017
766154924
763144789
766348916
767472101
769590287
762171116
765539008
770443245
763453649
770913323
771394029
768786401
771628822
770898922
770089582
763575948
768198458
765984147
767367623
769837335
770589932
771244186
771527975
773217071
765414309
772849494
772892894
771957443
768637354
767509515
770406520
768855049
766308035
767220647
771020907
773884628
771060624
775245232
765436263
773056208
768362565
770126929
773534683
772083101
770546123
772332320
771876241
766909999
771926384
776188454
769564898
769834070
770012280
776642408
769079840
771885993
771504095
773708338
768928833
776829861
770827292
768627686
774602032
777054990
774849442
768211176
776896353
775389083
774694942
768564299
776843205
772487737
772779208
774269731
772668048
774719789
775024501
771808079
774454231
775378449
775356530
776377691
777179584
771490111
776178525
771192698
773532197
775233392
780305189
773685433
770652790
772310787
780091417
780358596
772856427
773690174
779720513
775589349
774109252
780249470
776218047
775603721
772476019
778991095
774878958
776968632
777531729
775649949
782337128
779044331
773741290
775212034
776330682
779333830
776104395
773274167
777315687
774469357
781283981
780506652
776356568
778873160
782642561
783147883
777693305
782713263
777911814
779168780
783977000
784069970
778142321
777698936
777102340
782201591
784272517
776113445
778511200
781212555
782632279
784265189
780784134
783375940
780956490
785459762
779994543
777466501
780265460
776528677
780946341
777322475
783058851
778366744
781782018
777964569
778409590
781958295
782048214
786330573
778313989
778146368
779653059
787064652
786405107
784180474
784390287
784257375
781631920
781197310
788184707
784651968
779090897
787167353
780513394
785988255
781898449
788904793
788779567
782425656
786599255
787943120
787832430
784953820
785017028
784960357
783162723
787442755
790066074
789744184
784052520
781996256
786886467
781638811
781128595
786966507
781753747
786717025
785125091
785621598
784122310
785794677
789005905
790219015
782458484
785218932
787609633
782891862
784453245
786047364
784642999
786752458
785836241
785310371
784064919
790650095
785007732
790693141
789245049
791746604
787902190
792296702
789587949
786275298
789184021
785460711
788362709
784161539
793062794
793978099
790715415
790270277
787171749
794214756
786177509
789043996
790064623
786722463
786614352
787092085
792069251
790941100
792782111
789227289
792074772
786149732
793277485
790587022
788505750
791310057
790036004
792551966
787509958
788816753
792318484
792472460
789365132
791762446
788756768
795045559
789366014
787849052
797569968
789280302
795751477
788356897
793932728
791538924
795569932
793966020
792266278
793560807
792866001
793890271
794102679
789177194
792581242
796228747
796627673
795924369
791622270
796475599
798566140
791974804
789800899
799707099
798368053
791935565
797830280
796082563
794397916
798484776
795175585
797637039
793359145
800208141
800308760
798049404
800468898
800752864
791932513
795275464
798564471
801285420
796806399
799179982
800670613
797918607
793211325
794564805
799264123
796368688
794274291
795520032
799033957
794073808
795206320
803082567
796374424
795643995
802983030
795855216
794764193
796996894
794084176
801448245
798296846
799246915
799263199
796656178
798585435
797800537
798034419
802687533
796903441
795565509
801969545
797239381
803266411
796648543
803969992
799358853
805206881
803144299
803840074
797303925
796950286
805724318
805182576
800267994
798075098
805863176
797840116
799756025
805390636
799739480
806021457
803727628
807025561
800050911
800867121
801195522
798356552
805732389
805718294
801402854
800460607
800059112
806265862
805454407
806711399
802723148
801586334
805783545
799201458
803824539
806985721
804940816
800069098
805448982
803857695
806933682
804792277
807379785
809232457
805693951
807272830
805494953
805157406
807187982
806663336
807382001
802821002
802786751
808824277
806423510
805830624
804046081
806513758
807646157
808952049
810293001
807533590
803493390
808609269
809517731
810041565
808811280
811118516
808793201
811804692
809139575
803088656
804441559
803154758
807435479
812498384
807724452
803425269
808869755
806465604
809668643
810687179
806660452
808851039
808022927
805106129
810116559
811200115
804675358
805656403
810373239
813559671
812895026
809939410
808475549
805443544
806668077
809869533
805380134
815256702
815059662
808423755
812216500
809216007
811585197
811091891
808418731
813548609
811026861
807902776
808094838
809337381
811996437
811534113
815999480
808586054
813496577
811305026
814922200
811580690
816117310
815863700
812798875
809090551
817700008
815477716
813100732
811988372
818051139
808766183
810785534
816403298
815129782
815347561
814250781
814251064
816950596
814469717
815649432
816198542
809773924
811033473
814020201
819630537
819762720
810707706
816404749
819292792
820063358
817156481
817000414
813782729
811780058
814231990
811248854
816398636
816110333
815097291
814422293
812110118
813710826
818939278
814358816
817178313
815987112
815635870
819353928
820671754
816279483
820732266
812551955
816848849
813936828
814667692
817849571
814122683
819909875
814003570
823175652
814626215
822015575
814731208
820475403
817247751
819581574
815461632
816551462
817379987
821427761
818053811
819283614
818564052
819102354
823822682
821512856
823127799
823675822
819782001
818112088
820642130
817076333
821760390
821742960
824608299
820722172
820701786
825650132
823042263
824518439
825542947
819595183
824796345
819454185
819216679
817548576
817046732
824066272
827181051
826808362
819842824
824018009
826666926
821733419
820905112
826591957
822281416
822882447
825320878
827881356
827054878
824993953
825002703
819876237
824777748
820947809
824682634
826972918
827702880
819435231
823476554
821322011
828803596
823333482
822917204
822608653
824991813
821663968
822872391
830192990
825679747
829055177
828153025
829062116
825273765
824396979
821939599
822853368
827576710
831009076
827574046
828598084
824959695
830931174
826968759
830768226
831359574
829496750
829437740
832242502
830652457
826190241
826862004
825495400
832089267
830435752
827533543
825188604
831468996
828115312
829549015
829488010
830851324
826609986
833574933
828341066
833289259
827083432
831271347
828916398
832521178
826369346
824753668
829415694
830117015
827637691
827783775
833483760
828008519
834065624
830052699
833292731
832876147
833564858
828388266
831165951
829199594
826723408
831670894
830416361
833234119
829536429
832739974
836127758
829355765
836846320
834836350
830301795
829776105
834825350
836135013
828576923
830636380
828742000
828090788
829718672
833015310
828778384
836870580
832062041
836085538
832226255
836690696
834766238
829375297
831099260
830533132
829358716
829254100
838133305
837147868
839289275
832734725
835835631
830884327
839754410
832004527
830914356
831486635
839148575
838458082
834778378
834862488
832319100
839893822
835078820
834312721
837834050
839477422
837357190
835926901
833072976
838942689
834690188
832470553
838877016
838537138
834420625
836370367
837098111
837185675
835164684
836593687
833093646
835865722
835922149
842906555
840873126
837002425
834072714
836820890
839127623
836142726
841883021
837334353
842477051
837355354
843278467
839244781
835033060
835055010
842939086
838719522
842421583
839185729
838250685
839933191
840747650
839753250
840409938
843296684
835726681
845459950
838062018
844381617
845506049
839784111
837625809
838731500
844894248
839980775
846382019
836764845
840886807
841749862
840133186
838790749
843755336
841209548
841226332
845114336
840833887
840525874
844798696
847244775
841639734
840764625
843590777
847820101
845777070
842179448
846070561
839111472
848678618
847588422
845202942
844201283
842667093
848071410
841821390
842860835
848907668
842115190
843404375
843142146
848253637
841529164
841564781
845073827
845567973
843388643
850415225
840844251
848345652
846097960
850824106
850873861
844129775
843363209
845608880
846464891
844063062
845256096
842945707
850753399
845951759
842328195
849897573
851807463
849725163
845149248
843755315
851721246
851120055
850785000
847751586
845517598
847388702
847646203
851119676
846173541
853223517
851960501
853643310
849582315
851761900
844859897
848519667
854157098
846649691
846998798
849943048
850660723
853773204
845142530
849208967
849635380
853380706
848309800
850613959
854151118
855197334
851194915
855463259
846635553
847660926
848112963
850150515
852580656
854555659
847474228
854081749
854755460
855504660
850245560
850102756
854031110
856537572
855032524
849333037
856700094
853290446
849510690
851158053
857170334
853263848
848134141
852632524
849851880
857558102
849076091
854475615
850046601
855107929
854996814
857270620
853661720
856309574
849776358
854849462
855969227
858859601
857177918
858852937
856647002
852548434
857217043
852902007
856272903
857630277
858308850
857773487
851290965
859085967
858598218
859128178
856470968
859695262
852663817
857813935
859367788
859350130
852536304
858047075
859386151
855550941
854974411
853347927
858150866
852568662
855621401
859836018
856222413
860198129
860776394
859430124
861000872
859982443
859348891
856279376
853882401
860809334
860498920
860190221
860704066
854281026
862785202
862109157
859496263
862399087
859271157
858408089
854938886
862755257
862041383
857264161
859509807
858200391
857620884
856656068
862017371
856005288
856525411
858780819
857624844
861886929
863364873
860498631
863165847
858864443
863754400
857938228
861508949
859368579
861472242
860897191
860428021
857138460
866727015
861364884
862184297
865049710
860398467
861059912
864145621
865238223
862172827
859065257
862506522
866307695
861915454
863493830
866872349
866567462
865128570
863436537
864593880
863356618
862378749
868249374
865896684
860863997
866387648
865289693
860563156
865632648
866932251
868994043
866624964
860464696
865361294
870238692
861754964
867853573
861651588
866138766
863690762
861376477
870591040
866647968
870730001
862524795
866139310
868587346
867808743
864910097
865410117
867671943
865813729
865471861
862673810
872148786
870003365
870485449
871214376
867131173
867134621
865538325
868766022
864101808
873299359
873090612
864552926
872948182
871875607
872533487
867164004
869150326
867912820
872471849
871010513
874426166
869565493
873939766
865735797
866602742
869459511
866619368
871993479
868963952
867111854
866328768
867707996
871004006
867967220
875859337
866889611
866292609
870786200
872247625
873769971
873578918
867947940
871994317
872660927
875446911
871590285
874301996
875225942
871362431
867835973
877137494
874693138
875399171
874398966
875011690
870836715
873274775
873267068
877794253
876586741
870653554
877284112
872081189
874765068
877984929
869871594
870436862
878354407
873913602
878042716
879097299
874695646
874617278
875821948
872992585
879089861
876345410
874145048
874055082
872297855
879948857
880476110
873617498
873878894
880897702
876884719
880673529
879452190
877796981
878526547
873997782
876898355
876037774
874417831
876072006
873136057
878052187
879338266
879547018
877798885
872548093
875803951
876965461
875060947
877614923
879639511
880938955
882044843
873941387
876206662
880164609
880300382
881661036
879800948
880749393
881204829
880602146
875384715
883276541
880352166
877008752
882914164
875945184
875057216
882280670
878539653
881943791
876175481
878207777
878860251
882470063
881894495
879891700
877141092
880289384
880463812
883600673
878125775
878992850
879149354
883683638
885443289
882852406
880237289
878611553
877741562
879092900
878296536
882559797
883063934
877778636
882609969
886746571
878774882
882106040
878700439
886682275
879821862
884315838
883105067
880240675
882391659
881161534
882592204
885108101
887991983
883314510
886105884
882503410
885210520
884122652
882794721
882426496
883683977
884337991
881790022
889812117
883506225
887420493
885673705
887850990
889590041
882708111
881216483
889095504
881388882
887797675
888134103
888973663
891253195
886105002
888757670
888344301
886763600
891692012
882373424
885474731
891395932
884253156
886601278
886595917
889893297
884029451
888739425
887269352
890438362
885042608
887080266
885025900
890166314
892000750
891188321
892083323
890199510
888940729
887923670
888729429
888885215
889401161
893159831
889521609
889004826
888616245
889912878
888078985
886374101
894318910
887098586
893852799
892657407
891088221
888129497
891382047
887078403
889573782
893671220
889282030
893706221
889356174
889169808
894163203
892610142
888681219
887069795
896636105
889785340
896849532
888747123
896767514
896467929
891873343
892003372
889827402
890522073
893852863
897783682
893666336
895876390
893851182
896024274
889701885
898389948
891080755
896479248
896523317
891374287
898044789
898123614
889531975
893658750
892620173
896913641
893018589
893173706
893298568
891882460
891618393
892103023
894781045
890997751
892100081
893216206
897163161
899200726
896026471
891400579
895737657
892803375
892786494
892879735
900401455
900823748
891994477
899784156
895676204
900522443
892748546
892383758
898729412
895463425
896257187
897013928
893637248
898627837
901662883
901138047
897277188
902983414
898980138
901998397
903061490
897131646
899144987
897967515
898411278
901574411
900522450
897192558
903177487
902648291
902521788
904300676
894906336
894807964
895522680
898533094
895371207
901783642
904006276
902312864
902938802
900839378
898458668
895959718
897629783
897986271
904272119
901051087
904706855
900390965
899143844
906541131
904033625
897697873
906266925
898346495
899765012
900299403
906044091
905757619
899673235
898075404
898603345
901238744
907184855
903995779
901666823
905671794
902837991
899694686
907217325
901556618
904219510
899231614
907555212
906249831
907298539
908173866
901708011
908292083
900883597
908162336
909104793
902137345
902876276
904561969
903141946
900601429
909481078
900472545
907091617
905060839
910289515
904772546
903309087
902619815
902355800
903991134
910420375
903964251
907248936
908264380
908832892
909464591
905878963
908023886
906047446
906745171
906564721
908563410
909662420
903959282
907325874
908600970
904485695
909627493
908391334
907314459
906243400
905667725
904592515
909413544
903761275
907140263
911339982
913379466
909174723
908760238
907161401
909688578
909994983
908495918
912839657
906525928
910153534
910268524
912006579
908545545
905470614
912338729
907855524
912937854
911171311
910212770
907278488
913241230
911368465
907538972
916194989
908666466
912860672
907279707
908820240
914758077
916832915
907679049
916304801
911190973
912392218
907701149
911361903
911500507
916064417
912536804
913193507
910628346
910187667
910163393
909391796
914467887
910745555
911793192
917278695
911451574
911533638
910361538
916233926
918338392
918506459
909473409
912463163
914446404
917822905
914195210
910356170
914908785
917373226
913793182
912379543
915779031
918031121
919583260
919450470
918326174
910923416
913101466
914864310
913928115
915051961
912610186
917048092
920445907
919403056
917386478
920020265
917782810
919875815
917996218
922021532
919907621
913040483
916159887
916054248
919534996
922667656
914096764
918213621
920691163
914814142
918121304
914120667
922569271
923341477
916755283
920001860
916343088
922935037
921535350
919603075
922350391
919076496
921147406
919794607
917432681
917886092
915894139
918711771
915573463
921288850
920093454
916218531
921779480
918120229
921020556
921043811
922545532
922967319
918284908
916478968
923343085
922732834
921078466
920769405
918312504
917361478
921497177
918311630
922135632
926891968
920286317
920085635
919250511
923285949
925779638
922274882
919857890
922936563
918377810
921736708
926640872
923868337
920027278
921259927
928477470
919755224
920157705
925120560
920050407
927095182
928993394
927335065
920831938
919749571
927206486
923005018
928678067
928311927
921002547
926414701
925598165
922950089
920687187
928891184
924072456
923806123
924925941
928517117
928379552
927372042
923637011
930370209
929750076
922534640
928026682
929122346
925867160
924854256
929673534
929459567
931097322
924758488
922693504
931084096
928741080
932436200
925020184
928390484
926318800
927448714
923478544
928110477
929456150
924909882
927534940
924047852
931864863
929460040
931091545
925064138
930795538
927879975
926204996
933256311
933470833
933228559
929893872
934371210
933277497
929335072
927106859
931770146
935571374
932766835
926579304
931431377
934507159
930338571
929164516
931210198
927324076
928470057
929899297
931652767
927299295
930396738
927851444
934682908
936955898
933486490
931900091
933106991
934880679
932419331
935417763
935264220
932129639
937942654
934492961
937859266
934887412
929565322
931092464
929546507
928980401
937263295
934200744
938977756
936848105
931854414
936514292
937118639
929950854
936179849
933457111
931744965
934183444
932862778
937582021
935321742
938603983
940060444
931274243
934912836
933099420
939503362
940910110
937006135
931840475
939635944
934590670
938889408
935305336
934587367
938033303
938458130
933617319
933311297
933259682
937974691
939352498
939904057
938934332
934778653
933889688
935331593
939386098
940152130
936614438
940157764
941345416
937511739
933712762
933772004
934814637
936871717
936437946
937524030
940600651
943275080
940550556
934824859
936727629
938515048
935447619
936013894
939669472
935283385
939129932
937095741
943817755
939489331
939714722
938196545
941403482
941782164
936748966
941518140
938281599
937760740
937146828
940589613
945590075
938270338
941969492
940945975
938618271
942729137
939839776
939889671
940902732
942466541
940545644
943484179
942500188
944261707
940860435
946856816
944926697
941301507
948042949
939098373
947079842
941491449
942209338
945442592
943268681
939223711
947532422
944728949
948593414
949474571
943272467
943891502
941475207
941548277
941095881
946133187
941278750
944816116
941629195
942716870
942553383
950652781
950113400
949556709
950115860
948354910
945375712
944952857
942131887
943493926
945118983
949276110
948105007
945981993
943069966
950750703
950623103
947064795
949262389
946807310
951402345
943666576
951394630
945748752
943096428
944469604
944593986
948196164
952095116
953033953
951775218
949066964
948963289
948990581
945234956
945492675
946162805
952531774
949801077
953442732
944995537
944997274
950700761
945019334
948192719
953557303
948600623
948394610
947255614
950496232
946023384
951042629
947632577
952194712
950025966
951024394
951581593
955717808
954250660
955844997
949057903
955872216
949481832
949441680
955562088
950524536
952591106
948657707
955168002
951300278
956508367
955256704
957420990
953069727
950664117
954350576
953331873
956567649
957889806
956021940
955401104
949011732
950944417
953751267
956480134
953647317
954497494
957536078
951545835
956652600
954098553
949762109
957489598
958336012
950580551
954706138
957164198
952376812
955227368
953737450
952547664
954831537
957386903
958231356
955201065
957480184
952394942
956797580
957790283
957478643
958398450
953680592
954946387
960800402
954481169
959532592
953553667
958008446
954793163
958917079
961757693
958495249
955210672
956743043
960432854
953148181
954330215
962139885
954468191
953796084
963178382
954206254
960632506
960990661
955798568
957042531
957280465
954418260
958382355
959177013
960632600
964320010
961381534
964731497
962867359
964236330
955988264
955355554
957110525
963653986
962069890
962260784
962516342
965149145
956087790
962953538
960807477
964934046
957932438
958617667
956948138
965187834
966087397
959258548
959219307
964331397
958095665
957607775
966864583
962563826
965336444
959295886
959405633
966641366
967465408
958798623
967301010
964994102
960245209
963390847
965584675
960129751
959477312
965081684
962817268
965923642
963361332
965998979
963740760
968768408
960522745
966078675
961906487
960849505
965961968
964630783
963089017
960568132
962594363
965766152
961516965
961210292
967163876
966789978
963681749
966996127
965574180
963176750
967121553
970144065
964447867
961743391
965267224
965872646
970842290
965290987
969218130
971681924
963284252
969361524
968552366
964467279
969492925
969341505
972141639
965714212
968172534
965025870
970139254
968870482
973426893
968868219
973620055
964619529
971253994
968372863
969311009
973322104
967147044
966017072
968479371
974620005
974786745
966578791
970157229
965345143
967885100
973953351
965526162
972753672
965868528
972361794
974392046
968212435
972973556
972593672
969294855
975089590
969831205
967059176
970503242
972173126
971070320
973168954
968722545
973570631
969651516
974122314
972478880
969615137
972366912
969356400
968286786
973302007
969571932
969774953
974607926
970915795
976999279
976736188
971342799
974292266
971459943
977588538
974326624
970675119
969883796
978850260
976096936
976861291
971001432
977451379
974604854
979849915
977124899
974027183
976588631
975362470
975030473
976919949
978412344
976950699
979881938
977079938
978993769
977821452
975236215
978813640
974300583
972151486
977942855
975571740
974278869
975237214
979439299
980158682
972641076
975143964
979144957
978593540
975974701
981022962
972966135
979754483
979411143
977656426
980547252
978923222
983334173
977310389
977726191
979196735
974754637
981515067
979203989
982328557
974951942
980283693
978616183
980350677
981815387
977362952
975093290
981335167
984049674
982381525
983534003
982553882
975530825
984906837
979883938
980327078
977578646
982420932
985411050
980426056
984927782
977886194
982033021
983934289
982579011
977152692
982658269
986218185
985380841
981760450
982384677
982836485
980333234
986228929
987297310
984906521
984288273
986305367
979193732
981874399
984008108
982106492
981233648
983964967
981941553
987746451
981038794
980262373
985213845
986321466
988415836
987318313
988081280
988471732
982463251
980844631
981427578
981240781
986136196
985159543
981859158
990133650
984810779
983073564
981658248
983821643
981798468
987543930
984574217
985995511
990830110
982124403
988506891
982876257
989850572
984539768
989724120
988773934
983528259
988496117
982859206
983464164
982997247
989098876
989813296
983469944
989909400
984997076
992255577
984015771
986565194
987432299
988838452
983705102
990342823
983856376
989666473
986655569
991559494
992106479
992046796
992166151
985566741
993712216
992989873
990080588
988283540
994501534
988478313
985427497
986661484
985751781
989389785
989913645
990270938
993025013
991325033
992799412
993864972
992151574
988903658
996081236
992772258
996031977
989198915
989103328
987472299
992247744
996352262
989428824
992784241
994133266
991655390
992615207
997235001
992135321
990582554
996299768
995275674
996804903
991612115
994030830
991640369
992477590
997833049
990535691
991772813
997618505
995645064
990714052
990367513
993923295
998787077
995399426
998281667
995269556
995749082
990005700
993199754
990253960
993195281
997784568
991346791
1000274615
997575012
999425978
993095740
994430588
992764327
994557994
994694666
993373218
994193957
992408768
996921296
999034772
998160171
999906705
993174018
996840194
996612313
996597625
995421325
995117655
1002363806
1000454219
993480697
995222534
1002138029
1000715999
994092621
996253946
994907570
994906534
1001562527
1002848697
1003096760
998957447
998834078
999692877
996607817
999907650
1000445898
1000267791
994734131
998132791
1003638241
1000597517
1003675822
995225231
996586817
997298418
996105289
1002279834
998107454
1000532658
1005374784
999564702
998799126
1001373657
996964742
1002624571
1005983884
1001118399
999125973
1006375637
998658021
997530332
1002345040
999432938
999666368
998189220
999408763
1006678848
1005439094
1005186991
999683733
1003230612
1007703023
1005528503
1004791985
1005208511
1007545721
1001484224
998667446
1004660574
1005212420
1005421596
1008237861
1003565931
1001503400
1003933390
1007770838
1000102376
1000408973
1004303440
1002875416
1003378878
