633935050
700618653
158058011
524489007
801969545
444912550
457534348
139952245
225513856
675526282
742240660
694552548
66633534
876965461
620958681
959295886
544083466
66772515
901238744
733955158
579208837
340160179
278118399
707897457
422770881
942500188
798585435
939635944
116309916
129489203
80407581
575420324
838790749
619383787
320417381
725336922
530842739
301013408
148410471
561696843
423664465
296038226
452032197
847751586
506121771
849851880
352391322
529510908
260711101
328166146
427034879
375471557
229150800
519033830
72590457
793211325
335301081
962563826
843590777
715806752
317183260
329185260
51681387
282140972
373975660
765356191
372250820
772083101
571477613
499968729
530061800
662206076
882470063
395758672
138671996
580332580
293116395
582416954
932129639
591896339
320678985
230115011
409828481
70665301
299385460
211890933
849208967
902938802
805182576
110838639
979144957
427558530
166869407
326083177
583168420
396822770
55689678
612861472
374666807
116521014
535716218
993712216
983073564
563054269
406854378
696670012
95104029
819581574
764359205
436855080
147929217
62636760
242553777
993864972
307998459
188234238
153016594
300417829
63984538
643230926
717742356
136379723
961516965
880300382
503614434
934507159
80424855
865410117
510961175
603526569
299127593
701909196
904006276
219134379
1006678848
143081102
27615200
566434345
356145826
352201621
340340191
630491857
887923670
603941569
748400221
342036474
280409135
282063720
27632850
123628377
48915813
972151486
555574312
100194056
596691477
564469332
493937130
40473499
607584767
82690869
964236330
469021814
342316827
185351560
28020579
519870505
374121627
195434816
846382019
970503242
480326180
1005186991
530461497
732807217
641040773
587335184
835835631
136535671
579977970
39150928
964934046
505650619
576505634
21390826
122859622
247018108
436512527
334157952
830851324
523215344
114739886
144992789
567866138
464945386
446196581
960632506
645348102
631079091
690582993
585076123
252914235
590163826
699705135
401437919
939386098
920286317
886682275
231653768
560218673
882708111
389869826
730278285
635753475
117484046
726499728
372437168
139991832
204968781
921497177
524096027
84445059
707081275
374182257
565405608
428994543
900472545
346107900
975974701
19097261
133128984
399228540
827881356
277560274
252952007
421149695
212562534
347232641
973322104
114820804
441506605
209317320
789043996
501070283
476569761
983464164
324520885
483573259
627908030
270706602
197436382
161142788
577649758
878992850
145696198
363806648
255201795
464569596
443016291
394298834
560540516
31418763
429209566
809773924
656337001
786599255
486766430
318359604
431492815
388676023
110689903
11369819
409718570
485102936
54793287
281569281
111332032
632636055
220733255
263628376
586523085
742750116
361523317
389480011
413272419
58777845
741850530
733793243
60063922
302004061
235674520
939503362
380277796
37180338
453859327
49218658
76401792
110533828
135367697
680051460
950750703
994501534
103631802
763144789
397023885
879089861
603574604
326118735
8369897
98079699
445399975
657983158
891253195
302120627
187254750
506833259
730977984
936955898
144643059
557791803
684157297
414543924
851119676
461809869
893706221
262000225
228484850
740269155
587457744
791310057
20030642
741489176
969774953
915573463
748715636
122775095
205803594
407556957
545209172
611041993
621903076
179648194
218732353
398991367
45342832
380041941
737187912
469416131
392979913
276729445
423976241
470251321
94457961
845073827
591745949
188284322
789280302
70106837
125261295
512912558
552774533
730768314
588464185
237403412
552394126
545493234
892000750
438599563
423717024
415145711
416770040
536879909
67931929
939669472
85100584
659961561
20583183
955562088
289290133
622732181
88116228
839111472
721947085
20707434
745559808
892879735
762586047
541715218
970675119
918121304
555613254
454625853
504496483
648736277
214413705
119804746
645037897
884315838
362555689
676062200
81474230
937760740
897629783
929164516
14435365
714038121
647734417
84555713
500323113
305177577
134955228
991559494
674028100
679062766
772849494
692764632
949057903
1005212420
9576834
100662983
965923642
419991236
954350576
102337476
127856535
91225903
378830407
729334306
351241072
415570181
275618848
968479371
411785446
513884147
732762976
981941553
842945707
161590565
16516617
730728635
174728134
402993191
810116559
130204974
462147238
722410421
571904564
860897191
492477897
675367359
296969867
255047062
987297310
485950109
430159390
406009551
43228332
958008446
691283407
185172069
239696123
714410095
259191726
222538519
330507870
387835764
645075923
595585137
670790866
26044602
730981567
841226332
315145345
591386803
291649208
221890500
811580690
181563477
378227312
408836094
318379202
977362952
268651265
579569588
74364414
183290178
770827292
343825393
74417967
660567116
215141275
411779799
713224159
831165951
431091659
605979144
53725521
369299250
38250818
525159240
143343485
375574609
658120344
742729889
583979984
64999452
578276424
336299594
78240675
622289035
715855025
425127044
451513417
582696313
659110952
102895881
29135713
58027577
753289516
289929045
468167515
437284771
971253994
305740193
330543189
347826136
483205894
346798671
601395863
141734288
873913602
671177632
579733478
227301792
344304979
459584944
645169362
554475167
792069251
726054217
578024274
850415225
727167172
832521178
591039464
278603673
498013259
956087790
604027179
958231356
210358125
771504095
631785122
38986483
788816753
108639609
697525232
652485237
176621884
980350677
792472460
617563229
716443384
471579097
40128164
540693853
937146828
445265743
975030473
652649456
330243107
812498384
982658269
154319670
585748843
929899297
114509248
292497664
213530132
441476294
378882177
449389909
700552755
8593713
550443682
262100011
447887339
740424067
581193178
854996814
165178031
813936828
253903465
529923005
926579304
340377387
615257395
347722455
190166168
919450470
816950596
681334475
995225231
528562339
373773174
707950176
201808127
641090877
290243117
83561202
337892574
480266012
279829270
505553228
341705729
160119852
771885993
172623728
629702789
527912518
201945415
836870580
17906650
607671737
669817136
273536691
865289693
525250338
305162706
284383660
289744881
847244775
355276455
943817755
924758488
174416427
938977756
740404967
908545545
93560017
555128517
651825444
499475328
874301996
223962265
482136672
740978150
254765328
882373424
320413879
745220418
274279079
594604791
969492925
289698279
817700008
105734779
705222691
268342727
184300006
15614138
550335509
942209338
324533083
447143161
197214505
450093218
778511200
780513394
776829861
957420990
432741638
928741080
916218531
660278029
965961968
391660155
120046589
920001860
680388508
645816721
968212435
294993145
430758990
470119479
109259452
110113393
414190371
949481832
952591106
179697450
442281031
388757522
829536429
430412835
214222983
824518439
697109395
790064623
988415836
672609324
764785446
261146155
346822824
364365997
859368579
123048160
703612892
360971378
680250096
998834078
786330573
554335602
812895026
364551917
370046981
99580533
621138702
719130109
464764529
714959181
269864449
310171454
222977097
781128595
9300214
566788929
160236447
437154487
316404402
582021063
784390287
66086260
179637415
888757670
689784242
788756768
545735369
626040789
842328195
705842545
572859349
594080549
224713957
253592206
837625809
376845413
860704066
769834070
423514480
441062998
337523803
963284252
768637354
222143958
760684127
329667662
494272084
306369860
774454231
701308614
664318841
373359427
671557367
141349604
706946242
388081421
332239077
588500501
152446850
746142601
999425978
490595403
58421672
695683372
645357272
239043815
19856587
653992227
367303774
892786494
357507914
884253156
47856160
341868466
451526405
263189526
378278765
140252023
464042718
244314268
320130847
217539302
642090484
787167353
724211842
557701338
278085384
725623707
568037084
398887581
654524531
942553383
875060947
628184317
982876257
828576923
848519667
937859266
311874608
593080804
152523290
95741197
771926384
244009442
803840074
503524711
902837991
401722990
492345226
168412182
556724323
768627686
88369604
429263512
842667093
996964742
927106859
778142321
631061994
368914300
436410791
897277188
51241712
856647002
615389858
86021766
255751929
144526422
608295814
398203650
910153534
790066074
570211032
202220874
422798878
954793163
152538461
22643874
263333825
581646028
760627195
306236588
571267297
728053992
223754463
95158792
215120777
570364231
269183537
816198542
401121142
474937516
305448880
200912574
123202577
313082989
913241230
354893268
829254100
96163249
197944168
733220170
325749345
267938162
16975567
410333533
570464058
664723288
106051250
507913639
868994043
962516342
490642864
47170586
314546761
300743202
21956060
804940816
353417668
819102354
928311927
544719113
739625388
888729429
5907246
667647122
741018476
437740397
312768946
857217043
326858062
835055010
855621401
160064359
499014610
390846488
672736649
221158517
821663968
545198124
320721607
149074325
659303892
981658248
687914756
645898889
670014262
368323715
955256704
160335240
866328768
719965215
400871757
299466852
861376477
13878026
680193934
702229943
48660431
666475809
815477716
155713812
575861212
735873355
61657744
16078422
240930212
836127758
944997274
51012527
478464782
957042531
68287820
113132298
64536634
312939941
842860835
151597835
78759668
838250685
127495395
873299359
746152082
416649647
983964967
859350130
475992054
626832770
232248165
337554430
16156021
513774537
337341217
805157406
165007277
286049564
118972044
253950700
821322011
557582032
309081904
70638210
243075959
374103248
891882460
537529654
522635126
717491435
202953969
25456652
108536495
567992286
190551558
366474184
642138146
985213845
234525869
659991560
334195478
425774254
325012896
549425923
348042202
223781223
37806342
620172521
908600970
867671943
896479248
312445144
994133266
296087904
547301875
319597629
880289384
303548773
188619124
271680254
224965151
559198682
829496750
706591783
303018027
866387648
716207410
177244249
555048305
472853732
550927967
486199799
758792408
909413544
184982234
437110476
859509807
148674555
949262389
938033303
324046640
280678837
689373231
9317966
884029451
792866001
882106040
336563487
406291114
784122310
257788707
685608366
830914356
449698720
218642922
771020907
682173197
164195412
314164191
154049088
1007770838
33833779
560744999
617877498
264622251
900401455
538814623
498925315
974326624
146926067
672902701
36489478
703381949
940910110
281074455
272443491
303643638
803824539
105104060
635151618
14187893
992151574
599744520
752120262
293039732
513431693
669524474
786752458
859348891
223725633
845517598
77046946
954468191
550634221
360037696
806933682
904300676
945019334
50515755
150224759
592971400
761763557
1005528503
417219790
387776899
643576029
794564805
756185950
469441372
545242952
932436200
781753747
565452157
120241855
905667725
31987224
1000445898
999907650
279415031
455609804
485690528
226553469
416454181
118212987
856537572
239844746
408146671
123605961
255739023
982463251
334373374
12220887
909104793
579968338
502571099
879452190
775233392
816279483
191055657
909627493
946162805
406927728
127096826
985427497
435231581
636146719
302133882
449697250
824991813
391586695
400208744
542285946
268850763
709394855
204928845
677426756
333129190
44131847
433334324
450547738
373820632
840886807
886763600
107243431
973168954
201257498
664671018
475203672
534174860
227831837
329964839
745710050
726941061
609969382
642633643
827181051
145815976
997618505
719067893
57894762
770089582
880938955
184826679
924047852
977821452
748373443
906249831
318845774
596224891
649813656
167535530
719055942
862524795
654119142
196293917
591519672
363756393
303861687
444460508
289146383
757476728
505784791
269085717
850613959
832470553
894906336
600104783
978850260
893666336
727533359
76194569
502211074
132861181
554816716
271418855
776218047
600724018
940589613
340931266
28356753
484858949
721624229
590111219
716815306
517784586
697878099
705530648
962069890
233262316
157671994
785836241
470288663
1000597517
461325017
734200289
674120880
831359574
694233124
54505593
988838452
845149248
672459359
170410369
299923590
345790027
1005421596
397688921
155379339
600216170
510216747
18715481
836690696
865632648
324157358
144266598
390119460
724005741
998189220
488954329
160991483
324752896
685818979
2092766
703564181
245544820
300738167
258932291
174811817
631472316
709064755
73622140
786149732
182515358
258347590
508447432
423312829
40059744
120980879
449669078
292157823
119649709
608859046
677747781
517762300
947532422
444947327
200617160
253668950
838877016
470368108
591917397
458491015
447175529
904706855
341449528
406012270
278680783
505260011
971459943
681673872
18828840
367206859
224064159
748791807
348944037
500641984
24033697
183213765
646559546
471412375
595220994
375817342
66826870
22521978
813496577
476268756
651620821
769837335
149022428
42032974
789245049
718269277
207514936
33128232
849510690
169330509
725794861
649379978
487931667
729828593
68861650
516942731
693788148
291809550
417337661
346674385
999906705
811804692
882391659
659762061
556897667
893658750
396655609
316546236
925020184
291808448
162551594
199435575
304584781
307109432
542181132
480165092
295088043
442086049
246416956
149405679
425194288
673984733
476972337
843296684
933259682
601789962
615589464
459751569
35659608
207247163
82005063
710078283
361815123
203730451
119114323
342406168
376759333
903995779
252827911
485129868
43862945
889169808
247625158
425194427
303644613
427201422
698621853
5404232
484021699
197768197
329502781
60431961
53913208
883683638
549045525
138678256
249328993
388337752
668335516
750785620
16217275
800059112
745647511
356100413
177718016
203619348
941969492
134008094
444436730
984997076
418700088
835922149
639870224
138924059
989198915
9650097
77686961
166580545
476881821
695443489
957889806
590089568
380606192
606741791
3606325
854755460
577738028
771192698
289635375
612227471
256716681
380724259
370017621
259546844
348128180
420055132
351500325
375227843
667326114
481747581
816551462
754235959
767496947
450493585
358243274
236354265
928891184
219185303
396071396
411542353
927448714
270007857
154635269
369426700
633009182
706666557
318987234
613265695
455264582
440134463
533411198
633731033
172286204
983469944
152504586
758437868
938515048
307218877
640230860
626042639
147256358
588310088
546146234
454534647
771957443
518190049
751395045
965766152
803154758
267852410
889573782
247710939
362679025
997784568
166706207
289713805
458398445
595579468
162257469
255920457
920687187
758166135
981335167
134020088
420528125
807272830
260663460
955201065
590141550
674310473
63385937
376319516
705101934
179666053
201115367
544165218
933457111
311642668
745383752
208303799
83887905
929893872
553816499
120208082
803088656
312776332
77179833
449018529
161507297
714676692
940550556
608754182
548998144
395138426
887098586
508701109
866619368
638306418
758824941
278373554
167985174
104281155
996081236
857264161
362389794
490324633
771628822
349377180
940152130
591338408
929673534
640381083
138385127
675452845
824959695
937118639
274854815
330373660
635730097
383838374
66677132
63541600
413635366
610278960
975089590
741929269
737278531
190741550
811534113
292835304
962867359
21858558
562569702
745183788
318359132
300955518
704835003
385617460
737288540
646595159
319103351
465911381
640803281
419064581
980426056
440365631
323546100
520042450
185530020
934492961
340846839
46276805
116906217
393677408
952394942
179531396
720762597
639094554
24503942
829355765
696501274
23600506
372101291
792551966
63460993
380782616
109216130
35511449
663163353
686034558
1004660574
92725555
479792264
855463259
375656072
13765686
495383420
788505750
704239576
569008848
776113445
263933807
601558281
683768833
760644463
549623256
353758531
500590029
744463057
992477590
573453336
164510987
452079393
881204829
770913323
801448245
809216007
279948798
999692877
174414470
320606032
790941100
99340886
271603078
119381754
116295477
394070998
912338729
891088221
214628667
342442835
222808254
796228747
899765012
52540469
949801077
566834768
439301869
977152692
448966882
181930030
639265726
280137456
162463749
881790022
371618081
388586556
574600746
321136789
857938228
459862842
815059662
638415935
73496758
519787248
810293001
396308570
207351800
961381534
994906534
266246221
642202594
286427912
774849442
934912836
281164792
34915747
569043908
604464727
856272903
957478643
768574077
307460087
578448855
10247329
298895046
267573026
643252587
279734856
950623103
530874508
41418087
838062018
682922822
674877199
18499454
193129338
700871216
584775168
700245014
29201364
883276541
723199917
394179730
46558766
81626970
17290681
77899052
58625367
360691831
212958853
571152291
160257652
432018480
473772255
567652411
71307748
32849248
37451988
353746279
985380841
527766291
699852823
754460941
176099549
455677268
956652600
759049668
160099334
827702880
326972216
33437787
112414816
479469621
667296747
469925097
558939176
657704285
547518770
931900091
759727120
616249676
247031211
253101006
362716897
650949482
417155547
571606425
52682284
834862488
415452906
116574256
825495400
95686108
499603119
210881134
411256176
367156983
248057701
979881938
119302952
691463753
622681015
373566998
518841562
492615362
999683733
621922095
742076285
964731497
303414394
90910414
127934429
380812790
268871076
261161680
212916358
655239209
481912092
811780058
966789978
725505275
990080588
108529858
310061561
227705021
184377780
484303955
305443380
157787209
688344178
558027983
387335019
456653593
117121189
551223730
521451846
345894874
140274890
300081561
369692414
431674375
697230866
265196559
549832831
285540764
72929538
335036528
310102883
57239217
919857890
66559994
42905975
351956880
475844803
610400043
501089762
147371117
816848849
65586477
168333420
46986062
35030601
704232658
295595215
301657025
435557546
573815845
874145048
517319176
299829782
385098596
314253447
542732284
953331873
612932740
684166254
792266278
753396929
694539899
51049552
383587404
725666482
649940185
517769059
113696516
542033255
193397197
184324278
444895524
309983148
470299832
600354025
432169912
71569077
222288180
203790617
722367609
863493830
834065624
371465150
967301010
894781045
21725272
192607265
523921636
723909312
964619529
968722545
977942855
914864310
124123459
635447246
90038721
714772985
683841837
772310787
88600561
686790304
721418550
309795487
654140216
482925101
178152204
472723607
38959454
659520458
219099483
639964053
782425656
948394610
950700761
97385476
400105631
659798696
954497494
763082466
611514963
917996218
318611551
15543783
684422569
313894802
203799057
966078675
229884686
21515834
159395485
952531774
196465058
286994892
552269503
959258548
544749010
380571619
912463163
17152183
343780160
650533341
334782777
763977727
126369240
435551606
79491203
805106129
638557274
549638073
683570134
710242407
480277662
992764327
425061045
616738734
75055928
181776345
397226707
838458082
189546021
164675361
420144190
592346540
539091339
622697777
22043843
370198601
714735246
143058652
872148786
908760238
453035582
84723180
509821714
324637987
929122346
531829892
368161956
702510316
323607189
197457263
945442592
220017854
861472242
770443245
599769714
585222387
558531606
77931466
290517316
421165143
750179451
398798224
390095495
465617807
825320878
922667656
248659314
125389446
571474718
840133186
959405633
859085967
176920711
910923416
871362431
701961893
397971294
349717804
610178368
12480965
238027546
178340981
819216679
802687533
448854669
506851823
157605933
902355800
327221552
946133187
845202942
691032669
542646989
750841136
957790283
482753487
26459772
120177728
862172827
747190993
19329845
198627447
413390809
271959242
195076249
608425554
970842290
579092555
966087397
333746962
492004508
868587346
987432299
113201646
109662988
176673889
969615137
23312779
242263654
244033948
223670459
306187161
111635081
226820770
383785010
21722662
524573581
798034419
533864235
659929135
588917250
702653214
103956460
345161070
764574235
769564898
853290446
882044843
219542421
567971410
60558534
896257187
707990259
688494151
799358853
628881884
336780946
260180106
940600651
649602303
405399563
623905743
324632463
887420493
247157694
129046590
474602796
97183704
827637691
722741317
936179849
162451756
926891968
929950854
292361230
956948138
616328967
612011611
676581314
159447317
850785000
211540718
820642130
564619944
112292942
853882401
996612313
124881677
652672948
892383758
547690111
475785992
90398619
224239125
715222882
902137345
773534683
476733600
941548277
407572083
92113220
830652457
34069672
827083432
93093360
712711029
764480519
297212169
386990394
362188114
71424343
91306982
332210138
381055254
869150326
833234119
990270938
208132361
905060839
211306891
346141659
533722939
916194989
466065365
253184789
506451430
411948409
13090228
865049710
701157321
157364926
854157098
199692674
610268449
411527252
572666855
557935398
260203379
552123689
974786745
904219510
705625527
524508574
448782778
45567966
781212555
422418703
521207982
165685752
713996690
954418260
819435231
552399389
931864863
554949541
526758613
426496445
330109435
604594147
293382008
828742000
61277878
57382988
964331397
979203989
999125973
951775218
685348524
496518542
437853784
452733831
324238738
908820240
910163393
492258900
58194958
751987849
561628852
598983066
302924848
143888502
12801080
944952857
300568202
674263839
187487985
597113097
870238692
443735269
445066327
37530250
454104760
892657407
846998798
257903301
147378350
357320116
155603579
647422028
172975826
363041346
237046845
479154027
212189085
224812949
914814142
585686544
431004905
644786427
273403182
541725469
511950778
565956928
68944633
345047345
948593414
898458668
328606996
432101516
981233648
574798232
610158880
92289417
954206254
123981446
773217071
54919742
853263848
777698936
960849505
735159214
869459511
820701786
395712124
714329332
409558962
800670613
52703860
886746571
152252212
951042629
824396979
269317299
232119429
829718672
34181581
92141769
656268310
233040509
438239954
829549015
604539113
516622631
959219307
412882431
955168002
358968482
468293874
185536790
188897131
396783126
226997133
700556864
91636611
802983030
627387302
913928115
56762906
673084982
818564052
466564767
344122773
856309574
520937973
456130349
450236916
185355096
439510744
893173706
866567462
140596058
118047784
690108071
988283540
561733246
882592204
75993050
308747280
506027679
425943545
70273744
898980138
957607775
341957330
101202923
253473454
166166002
879097299
486260099
95955941
234544768
154710850
923285949
472881838
82862155
324046251
11808246
329326016
686532007
395906301
921535350
755433519
394527299
62839789
267818512
572206040
339443733
305812150
285070254
678056983
121076266
805693951
64971043
338958207
860863997
219141993
622136959
970157229
144131723
849897573
1000274615
210031265
978593540
250568275
805830624
920020265
855032524
808609269
356673064
10117065
449958808
69600905
575187620
922967319
237233136
368739141
363642141
82685087
185555205
977079938
788362709
174690066
784257375
786614352
123408957
678722321
182063546
621546462
597592277
16576715
944469604
268058502
661280009
447556533
630884329
772892894
114433860
738921138
349103982
270437730
443990302
657576978
78675691
1005374784
587353289
334711080
188091230
713211286
695840271
882794721
64620326
300868367
663247574
151002333
952376812
339774783
793978099
392890946
970139254
349525116
278265552
128445209
239525971
26214813
349025293
864910097
739534516
494092938
347018312
829488010
547408129
678927897
994734131
541139474
889827402
255882670
827533543
636034668
130167565
15412765
827783775
272010742
148028351
343758948
502397080
79471771
41362353
496003567
46911555
863356618
645364431
551725346
464812847
773056208
773532197
13771319
434120808
411749717
794073808
533850348
317533859
896026471
782458484
248714919
483376268
422471347
213831712
183407998
980262373
660099344
52459035
476486423
510827960
304775318
846097960
612996725
122006173
372837450
933256311
911368465
58203277
300470900
679771124
372538293
434894206
79732443
916755283
631657801
729212663
734429064
729566952
922021532
172605582
50899956
878207777
142812957
758417935
722268004
361859731
921002547
117480770
675716210
372345388
300092639
184107372
546886630
420996649
378591414
765749167
542664065
578189743
157723990
290874840
26832240
507369438
980158682
596891749
583446258
983334173
193825138
100600949
335527669
114213346
485211235
25664919
992106479
614383081
104499634
41670251
949474571
343105791
661296690
607295745
682738376
775589349
469240103
635085663
926414701
697857616
593800980
356738533
523889324
355042537
699155273
754452976
252947163
818112088
189919206
935447619
747298428
657099522
889785340
896024274
200061441
69607523
434093957
939098373
150789555
602991520
306509473
215189331
891873343
799179982
570540020
468558907
860809334
210570729
547792718
448762606
585432361
445181115
770012280
731491321
732491489
144114657
901998397
618061169
593279632
710826594
221898645
193446140
831271347
612889429
701028360
45263264
891188321
85458579
102160489
691054274
184271351
982420932
271118182
771394029
985411050
201896483
721803489
570567149
391431350
937006135
351772407
997298418
164665493
855197334
514668533
18953750
211041542
963176750
516467845
413095607
637747622
655028237
468760262
751698884
874398966
745340270
726975201
639854519
153239807
552537067
920050407
9831436
210603811
104547595
178376278
488940120
99857844
829199594
861651588
95169176
965714212
877741562
47594181
816110333
27666245
337975853
480918838
143410947
354837947
127356977
766667757
860198129
268635445
750819654
66647907
629535733
455751247
750850112
414118393
518198798
650589460
857177918
123752868
703742704
173882148
615448969
436854637
424721237
785988255
615387512
414393278
723466918
926640872
952547664
127453171
235151396
145504102
32849663
758673629
555622676
960432854
627070820
359879558
533714285
92766401
774719789
204692515
887269352
137314177
542554375
766909999
920027278
874617278
90512147
74851839
73215549
242918753
743217332
289940296
184686298
382777752
953680592
400734647
467997609
269740259
286521884
822872391
536031522
358716836
833289259
408400862
382827476
951402345
583632541
149842733
826808362
253715912
619276181
667957789
245438403
177913903
936514292
178783788
753784755
658895630
430105771
576504499
384078003
700597475
989850572
229770876
264189736
722322362
663372031
998658021
90145680
13143238
344503035
61359453
580650515
535604567
281314038
92511545
520135876
924925941
281106392
100518727
149787724
859982443
334285989
444430044
229100038
912392218
228276121
715854999
674208830
127693885
417082020
185007314
663589739
759479911
365154924
745800079
902619815
312923706
872297855
524899799
508957512
447469459
443726932
345035764
888739425
117611798
258009936
853380706
551765090
325681670
451596136
398571439
800069098
81411223
968172534
409888046
550676920
32475008
854849462
118595467
195742106
561905114
78117868
365694397
420117777
441612323
508657730
968552366
199415053
365051413
843404375
234570371
603747020
159819414
890166314
30290857
78867356
682848112
931840475
972366912
107948845
326044640
974292266
523386234
330325765
616672810
1001484224
319031270
478567427
881216483
475035701
252432820
923478544
694632086
555878232
427182173
594483583
384069227
273752023
114705172
244510401
883600673
343612933
765539008
873939766
786886467
275086467
530249158
577742656
390117598
620337781
916478968
331446840
189506092
763959389
561416699
448195508
889531975
126984069
520821678
889356174
642990847
479635990
637632599
469312081
324588887
957489598
577855933
290846965
533673968
114237398
284319687
572167504
980844631
795045559
246352988
909391796
208101779
596191492
376826950
302365880
125871133
224317385
48940123
940945975
601801577
667421811
796627673
620444775
84209154
931091545
974604854
651462898
614685929
907184855
160748996
984906521
615835574
628396912
981859158
781958295
818053811
357419410
487614639
969571932
799263199
978923222
98904598
543142964
783058851
962817268
565749207
637647613
770589932
314886831
671743747
734902522
177112617
247863254
683022833
639786450
787064652
398922903
867967220
487096571
31027826
597596912
480110470
200818804
730122265
851194915
277538687
137680372
120422232
387240879
223042435
328821362
100599029
719007295
191820977
612259421
261579807
877008752
581143883
194604586
409883632
839185729
763453649
764746306
717691231
44349923
805718294
982106492
306508142
538372695
870786200
349475879
414870193
772779208
872948182
177130490
806465604
698757424
772668048
81585755
570074039
469733827
189708724
937511739
725300061
230832497
225695138
784651968
168578247
334292061
900839378
957932438
463770797
437334267
50832994
679796237
396053504
416435822
345046954
190980763
460734109
984288273
878700439
374186339
40991641
874695646
274793190
830416361
95671375
922534640
909688578
644426695
662226435
300629728
142867904
520460061
420102568
153273745
716016450
158472581
570887675
626078083
363694585
625672590
489850259
345742913
748715663
606973484
579102979
259025302
713971656
875446911
496021746
727456441
450881591
950025966
118023261
518067339
453270000
908023886
692689598
545859942
456253128
316598244
313655224
295540033
734152330
620912949
504498578
594849770
933311297
230137374
826972918
627003736
912379543
934682908
378623244
816403298
500218685
179209669
439305917
898627837
114930553
677929683
10657085
525565074
457299836
709740671
822917204
634076014
756308927
270869340
382239830
454466044
53660450
77613385
466972758
197850243
82968101
16732651
535272626
954098553
169851012
462160725
228364119
29931535
626204724
494034705
69770261
728213620
427742878
561934632
572210942
230172393
640402544
866602742
748057701
275126162
39880962
381309048
455325930
793932728
615060393
622692861
408341019
166752428
631212196
259769882
691658454
606422935
263128746
425260107
198430791
554377730
572101093
340033433
313731835
578099335
919403056
977588538
21822208
523615341
262644839
534665207
300280485
434638985
515120136
297396317
680782844
487193119
333077342
776377691
518602463
537250718
631679691
757791983
408999820
814358816
289177879
820671754
851290965
819630537
779090897
969356400
981022962
615492662
977886194
34144092
721115545
143959734
141035524
858780819
849635380
923806123
897013928
285050628
490570179
263152845
603715355
237747099
399566760
105116159
359303017
23887173
361229602
39972902
755434348
633449223
358018922
917278695
459272413
724210276
505717180
645345569
788184707
291464015
320888190
522495706
114350542
335046746
462311847
494102364
350655020
793277485
663164626
905757619
268704374
916343088
535038135
315524311
893637248
99163624
269204352
218126636
374205432
794764193
891994477
214039880
398682999
718579441
172580550
242739614
803144299
595975721
904033625
505653541
728193186
243545748
237902531
477330335
356951103
875803951
737979609
989103328
268956229
477191404
976919949
838942689
941301507
367279283
283757180
94123402
855107929
995269556
847660926
130146317
223942715
451967006
325728112
218902700
252487918
63963472
558260416
697408748
441175953
468592954
890438362
967121553
941278750
848134141
564868102
644547911
292337429
67156487
763254172
941782164
412318333
949441680
469454039
431173444
809090551
390074941
265284742
278676547
49833604
44779984
419718374
763856024
815863700
40964062
696823069
433382222
791622270
162012785
872471849
322927429
667886631
907278488
798296846
587910710
738350585
22106318
213496935
254464843
600897889
410647451
870836715
96280445
989666473
26198027
444151602
42826022
438407070
914446404
357680098
811585197
49638650
704578053
934183444
674226140
966578791
95171914
80998621
731275354
432753520
682835374
880240675
103311748
25392219
920085635
147718042
196816701
703999725
908162336
990582554
86365166
456185064
463986749
40494288
991346791
199057894
543325123
193729520
862017371
428037622
902312864
79128579
109914067
992615207
501202054
55184326
595857550
11881701
4503631
32580898
497367053
71689678
560906698
438479551
90247323
586596370
40187397
844063062
967465408
773685433
681362430
697857906
635218947
836135013
709391543
933712762
854151118
527582742
395075377
968870482
154401080
714541948
328519563
417522210
261500587
117724655
156497298
587562466
384862294
128871629
641754301
702434925
144433188
996299768
176505655
518090100
369831335
95944458
916064417
809668643
626213924
357863825
722262587
364235864
496590360
81045320
715393542
39876974
533210628
121112460
222991416
590487402
711044324
180578229
289130497
798356552
272667312
232982063
444972804
26112864
536841640
489633754
188902258
338356006
958495249
239292337
127620458
606161677
434625496
511525880
130643284
111286298
176018476
357336067
140916781
347497099
971070320
852580656
250235873
784180474
956480134
450803991
946856816
224686728
153851929
244906154
431407682
743599136
415142350
251737232
200737360
354326229
451885065
76992946
563042301
226039443
303721094
260174440
943484179
188454559
898389948
74255276
988478313
880749393
137401818
410589035
966017072
36807671
737830747
679009784
234763170
165446347
656342716
240304376
655973243
541257295
778313989
405648045
128659036
592821901
513012244
400614125
790219015
405079037
909994983
57387181
645710526
60266115
558261044
190426931
543584046
3770301
164412460
441819509
891692012
680082250
779994543
234700982
691301098
594058582
849582315
791538924
260441763
868249374
248757499
647256716
384597266
573638846
649872912
127146381
826609986
839148575
842477051
169555050
521493445
509304860
278395713
955355554
519484821
878526547
707929756
332220842
287540707
198523530
515345134
14745569
567726718
486945994
13216790
743475779
752963590
470325919
117489059
387997771
234620619
135228830
109752704
152547535
289541590
527995509
875859337
784453245
556059054
878042716
858047075
598490297
707962197
728237648
166917589
301418340
801402854
911190973
638932563
473772378
885025900
418519258
192887850
36787511
347428198
702778906
475561526
310516693
206583636
285390206
300798783
106212817
142795488
522642877
373517305
465362003
79396038
343910574
805390636
910745555
311473224
528945498
906266925
42332053
164562402
375298049
831468996
208093030
695380675
229746930
270743697
691294214
900883597
333562421
295865534
242087854
497158020
212775119
803857695
965336444
1002848697
958917079
309710734
591251877
960632600
186494545
674306012
505013719
679277923
482710310
503348236
381424695
609100111
55317544
756058232
826591957
283779185
595188608
260715281
644446765
825650132
282325981
915894139
888973663
988471732
617283994
506614369
898411278
647810693
234340981
38993160
502865303
902983414
60241217
170971079
343892924
248290149
782642561
608246674
918377810
617434010
410761979
395237850
398063018
659518595
248703592
996031977
708927347
766574707
913379466
571619794
367300922
825188604
51560728
280396478
15372080
990005700
66439151
301161025
834312721
41886666
408234126
143048451
596250709
20172825
183912090
339541461
799739480
610501640
687702360
446725278
822882447
731730034
102584040
735469017
799201458
542345737
773690174
466754333
27259857
892620173
585111075
211430560
535856313
824066272
112392925
768264359
777964569
216907366
232477159
871010513
401576777
321915348
143309216
249697627
6375467
167913090
781996256
319654831
620633773
481915676
918031121
198950231
116848377
173890085
270874867
136368260
799264123
343318121
261277465
290362882
26065218
789227289
590298045
137714321
707605754
475411744
711863974
161858018
343652773
365421251
787509958
289228439
555821438
431221423
944816116
176471284
844129775
366296335
375205716
859430124
349482055
778146368
806668077
73340080
625521706
370802691
270615697
22846233
91672603
955798568
953647317
515680467
776330682
889004826
985159543
745768152
817156481
989389785
777102340
625454232
276073885
257696128
15959683
982553882
329480399
241312489
227671589
855969227
418340197
498583577
536638793
382301606
524136150
692919286
443140070
375851057
251256966
826369346
640823426
903141946
132871492
201528584
449319873
390258966
53099645
657949223
877778636
215045219
776188454
844859897
358786199
287565665
625158422
653993250
82119384
832089267
156970134
252676325
92072208
993373218
135688502
233899673
736953858
667230371
534158093
24762231
129329074
976736188
329702968
748633804
388948938
652080543
857630277
503053261
807025561
243828163
49500891
758719320
444933164
90375280
162863922
765414309
470748113
684883205
71412703
153388323
715100973
782337128
486317344
56433028
594955496
27678532
685328120
46624415
91255678
244742064
32753675
984906837
90101962
368606648
82103379
929565322
160207835
541232316
303087169
78883768
223132975
422724611
288879134
11331371
672102856
953796084
253996396
744979582
690653387
425465158
642925963
293632763
221763712
509934305
210389446
705807743
744995956
134857756
108849817
31930606
126994981
53053786
905671794
910356170
318669951
998281667
741538485
268251209
938934332
355085904
615184984
262685459
984810779
581129491
294045896
67089576
72136217
428037800
213573309
743604747
577317281
393063216
658622311
142059973
19950475
434496610
645891657
98385309
29907366
510604965
883683977
951394630
307312116
790587022
455225817
477043182
463631007
563606969
296276512
17517584
414633138
659273274
307844324
68289775
960568132
822015575
832876147
375656257
906564721
36330912
756933519
725025080
632856513
789744184
411261521
707978628
717054320
884122652
108376471
188228974
426421660
164791255
996352262
694696595
320031079
673873881
576248515
619252051
3462243
629101109
183821454
468534196
8013431
582466885
33004328
454364203
173912722
270486169
722190787
893298568
17729481
639975829
314579158
255118991
93300922
712113204
620901749
509094961
878296536
795175585
956797580
891374287
197086294
16750902
369285002
137557537
238108969
690505690
352533404
396100374
857138460
737920519
495391909
530456705
421545354
142153184
974620005
475080815
352097255
62850823
287278317
211509048
777054990
718262935
101049260
683433293
762171116
484407056
812216500
70479692
990253960
769589669
189468532
938196545
288475219
300028648
937942654
174305287
546156036
499735771
963178382
971342799
808418731
511677549
370509002
566288028
136306131
675645665
700227196
565992826
20125491
735515465
612414103
875945184
488794253
780956490
854974411
140951021
568434533
837185675
587263001
137805172
460761454
64764316
242423682
577702842
950664117
468411642
640945526
953751267
24767603
426387600
726992704
699958898
110644292
285676854
171834680
222510423
927324076
49423676
8526159
462055325
106661501
209332086
855550941
483251378
116745027
389455024
618906091
577599542
1005439094
373058097
524905969
494073802
452484185
747923223
646102894
757961257
855504660
414245545
559470075
699512352
709432723
271714914
95155454
530380183
38382579
546624760
302819663
142617290
80926987
295060604
689719718
239855660
733065981
393243232
596052375
598319460
142233639
525956351
357097790
487074663
37610737
102531740
159660853
302716959
262063340
275755254
113387899
385594773
961757693
257350536
821742960
595165066
37374233
773884628
177557151
713133910
252432816
833072976
838731500
174507768
642361144
876037774
80331785
534692653
62028373
903061490
678933118
154989756
329253083
577460947
858308850
508139880
334222263
72752659
239739574
841209548
89185959
713685634
667465016
509169969
266128739
198857371
783162723
384984071
903964251
924854256
380998765
776178525
16150840
586660444
143899315
854081749
66435118
123090296
824993953
659213125
463307444
719425962
828778384
935331593
753339897
232964902
994092621
634782269
817849571
753247389
49080532
612479162
703197740
703349858
233211048
130565822
161756051
18444880
355755952
65244108
551981341
173744113
460804251
597850196
501346511
84575050
502356439
794084176
935305336
857270620
229303288
928980401
789005905
673878922
334652319
782713263
596586511
209268723
478213128
757372458
152357360
880673529
828153025
793890271
374491733
370470516
943666576
464897024
309482105
528303117
899784156
490643476
50035358
941345416
593336631
424003204
673771789
819595183
325164827
158516669
798049404
9764854
549939817
874693138
518746201
975530825
153147088
462404350
261716177
324983354
280286983
491375593
803266411
491127380
738853123
303387697
392344066
730886809
765858590
32833344
931854414
409210568
247884003
845142530
428095656
375652319
735956173
893851182
636941112
412941528
343167579
796996894
207235690
8659198
248605066
450349576
697969920
287585377
408230024
710106477
526206635
340333327
768090283
284360786
187436716
163350907
640903230
345356244
999408763
197306357
849776358
194024224
482758081
853661720
105161501
410153616
449378350
318373192
398096305
724519418
870730001
476610953
860563156
154473296
513538918
71028146
433809568
432683384
196791067
680957789
741398063
504711619
627613824
919794607
849333037
583341639
578554454
814626215
701543151
664165767
814122683
190075632
306203107
751224396
354017535
619543328
484747396
453219812
56150901
495236332
960807477
77224855
225886449
47783211
928470057
619289213
668542692
430726803
752328098
610714498
302690513
717943463
298931861
385491483
921288850
867164004
996921296
88967627
223920938
535844314
1001503400
307284885
957480184
943268681
188790631
343990557
399011362
845567973
858598218
576748031
29510758
397607733
705211034
495846262
290992682
367445792
238990224
666950412
805783545
211444995
658455448
460461476
756912087
375198727
523543122
507434099
571033739
254247105
506334414
319708877
312769492
827576710
527646813
510864234
91961039
797637039
39148789
793062794
588097101
254385338
598956980
172373696
799756025
909473409
324624683
23581077
946023384
785017028
785007732
509959389
856700094
495756297
370712373
412910459
975571740
276772735
77720880
904561969
839784111
462996771
530381442
327823742
440005726
680908985
371665468
529937487
987318313
597308816
829437740
840833887
665556129
34302999
164794282
171285343
224707201
525647718
886105002
370601140
949762109
907140263
908264380
23031628
681220956
899673235
517512727
600165701
863436537
21904729
175589290
626981313
153901350
39834912
871214376
983934289
681466539
576351102
811118516
176490308
760573131
901662883
674392342
443162244
390909349
635388093
210007365
230538715
242717714
839244781
90577851
358719664
352504152
277258039
867808743
739520393
7693618
623164954
949276110
264313295
678803333
858859601
792074772
907325874
447240374
759273325
470108044
174908096
877984929
266066579
935417763
808423755
486758964
121676918
174389390
795275464
219854609
254121655
450637264
559868039
667200909
672460670
364014660
765065658
941518140
285517697
738221292
162606957
37799258
31830435
374863238
64423946
350286645
266829313
242324016
501248648
512989899
979883938
763002236
255502988
698175690
609473183
60972257
767472101
817046732
286791206
386694648
460876500
963089017
344014318
530415738
313578662
175840229
48261891
739148223
58130829
172447947
413057844
839127623
429526748
589170303
452610319
965149145
718536489
292131626
611955523
686697864
407045462
721833088
330987124
541580348
933486490
555986994
350849095
521951394
182977807
444079549
506215466
999666368
349082104
810785534
186956380
163737319
314978797
728214803
458016871
181534985
235705593
924072456
918311630
456552940
800867121
459367950
574329339
324386252
125010758
710050989
772856427
544926210
698208108
57347184
361497019
40698243
134916744
562359956
327833350
867134621
702731051
213760195
53717402
116305863
539462430
715096819
809139575
4136819
244437820
280702772
276557540
556023762
593172467
734700094
720033147
506286299
172825530
594929167
260671879
456491101
495670961
184251502
762613415
452127994
861000872
362184775
601683262
151308761
289903756
896913641
920157705
542110337
295724302
693534786
453162107
113409018
422309499
532535342
365416988
814251064
692286416
858864443
770652790
31121900
603615082
689511409
338467228
273122800
331080337
24164094
780358596
224769517
695567427
666377451
788779567
46283378
201518160
632613272
138622108
635348066
646547853
217313990
209858973
319222980
561541462
75668530
416508446
406787098
592782481
760306591
443923096
296279876
152535215
777693305
1003230612
248515429
779720513
588906686
971001432
835164684
732309056
286656661
969218130
611975673
33805688
876072006
330010530
233000297
473762259
609404348
574015051
517875903
291456439
101654239
331623092
456533877
414428941
444237714
584583013
227480815
103167061
551464166
95362852
837334353
446932740
710427182
476257149
956508367
673350308
776896353
623382989
642072637
891080755
181954831
879891700
416479935
160522394
341352011
659568015
737487743
313814773
809517731
780249470
428313254
213994531
75051144
282526198
104629337
663559386
786047364
1004791985
208055380
743827378
797840116
84062454
738422475
198799828
859128178
123623653
615461908
669501607
670226470
105588156
797569968
804046081
936871717
235085417
79956908
412203898
234675115
566031995
384346962
149667492
67353309
900601429
50872695
924909882
914908785
86361712
945118983
654285827
859271157
497167132
29142399
394014483
155965247
712616114
264058305
965081684
436593221
282635117
613930586
264254715
233574728
984015771
869871594
152309160
835078820
354671406
952095116
746893472
569464426
989813296
557564222
539182706
37333104
900522443
396224737
771876241
986305367
408018242
967147044
48856341
817178313
504232134
395440941
231743189
513505960
156062409
213666006
648742119
32620756
482373319
398914709
527893331
753874020
122420990
221906988
813782729
73062171
363171949
217254943
251569538
995749082
242854788
778991095
552632308
897697873
206549035
496094057
11822210
475036704
333378748
138473199
428261340
140303441
372312378
237969571
330767696
704043564
486765903
69225920
866624964
718609289
977310389
103140956
600445581
542653792
211973445
186445727
466675425
84728625
787943120
904485695
912839657
996607817
90829043
113656083
432150375
629420274
416329520
637452114
874765068
62849484
753042955
10806516
807533590
394622947
586781206
301905992
448922513
99019347
141349288
1005983884
342992383
868766022
303180621
154045649
50498036
369403287
540647214
111220937
560241096
11841865
973953351
107559698
613675458
777315687
483338333
649347710
777466501
367077637
824682634
135280025
289481776
568746962
259394180
216793331
595589280
390599214
567027473
604338569
420223880
139488791
9278239
600316115
929459567
198175998
158291515
601979578
908391334
555858536
374807325
234592105
360905892
86495611
390673558
934587367
523115524
355291064
201604069
163443010
881161534
489615512
239494723
517272523
512565267
785794677
568558700
538352966
202260812
451842882
119844943
743931251
266519371
86867592
694783088
244129729
883063934
667732110
292282327
7972582
942716870
948196164
82756725
164976840
654778631
899200726
41527842
635084423
399586546
752914154
372554517
126503676
522485068
917048092
896767514
725844428
525374298
128881908
107867137
894807964
528492742
630080090
669394766
966864583
502467955
142407056
805443544
342687296
281644538
528998413
1000532658
412137834
495394418
622335414
373960171
753012827
861754964
187521583
255520724
661884396
85742920
521117104
775649949
577211687
591214730
30394458
713320296
226941147
386352668
272913083
152746602
262794725
777179584
558694316
695310232
14023914
374982285
872660927
690144000
181896718
670351524
510211266
536556029
575166645
218039400
456917809
789365132
683066111
933099420
737312357
212328428
401016446
828916398
331239155
248569506
882426496
72767067
183021476
671790508
182157155
555309740
315594891
823476554
56717105
190204899
132058608
410592759
740838500
319435357
646148331
1002624571
103090683
756264608
629898942
628358222
593782256
63190819
48285916
634300078
1004303440
62267436
451210035
550115246
468735484
502119762
387784977
156624625
467910975
885673705
29741486
407606177
163343177
964467279
311562561
951581593
71005694
450574159
838537138
980333234
832062041
480442212
322005272
379385746
800308760
660065329
345753781
844894248
351613438
787609633
845951759
721975350
469858420
890997751
540862370
136310299
939352498
117560811
530757266
648919838
352061103
471580791
885443289
282337503
689953462
992408768
191110010
98833861
690144111
560900563
408280931
664961351
124544236
981515067
382316066
935283385
208875002
125212538
216031467
381908950
907091617
736355358
827574046
29880842
945234956
992799412
672568013
711612375
92947610
265164457
121758542
690196814
965574180
879821862
960990661
808851039
941629195
928993394
929546507
711252313
813710826
974027183
360687864
243546683
534462338
193845703
369565519
100345645
675933676
982997247
251185165
239134694
238993861
756701378
446619672
699456896
743427319
50029931
212209935
678787950
791935565
214493681
134586585
107922117
765193655
12194030
530227903
159750621
921259927
358398628
97470496
476342702
137228031
76036862
7462929
320723280
790693141
216137302
839933191
875399171
173224272
387559528
830052699
621947702
437609348
322905491
140253584
833292731
99656459
939223711
325429090
474002295
771490111
437065757
950113400
204137636
689869791
381431159
680753470
933889688
753495134
845459950
569058707
980327078
469450467
562988244
907855524
78279023
780784134
815097291
694320227
267064421
456927603
432091388
919749571
392439758
177060156
668087141
768819069
784069970
536284708
889401161
556728156
766564445
295170160
70020477
863754400
704260273
542376019
343168119
217185265
445340958
851807463
230838278
908832892
229142242
166182308
975143964
830117015
1000102376
292663783
845114336
663060097
645088748
832004527
683272665
721098265
553088110
927534940
393683962
128196840
237503935
18403970
806660452
992255577
311000059
401796417
629645157
46574141
371602892
426585659
673142068
214501152
987543930
121917395
543181785
969831205
914096764
435761970
877794253
480756941
286745728
623322983
52313676
619227706
118471617
385507667
839477422
976950699
780946341
544943431
213031801
387432357
577858324
702196889
188736921
685981457
218679978
546552627
758150726
96653524
908495918
328357113
158005749
974122314
159739230
431928892
755357980
526748766
351791570
443862272
899231614
757223738
252124664
354406800
561477205
480673875
216726760
182726954
617916628
190520137
515165232
795643995
496284178
64805850
208831558
559142492
278158118
976861291
964994102
950580551
784161539
729156159
85987967
508312428
340734656
576802577
862399087
585339939
998160171
667758321
248147578
305699938
24768163
476156034
893852799
547570946
418909347
20472345
141219072
205950373
514976666
761875937
24350582
201333189
978813640
759480266
684191225
939904057
175955013
784960357
575221267
820905112
826666926
461299833
266007798
872247625
206986206
903761275
787442755
640914532
879948857
255016518
723714677
165122840
315018950
866647968
839980775
780265460
835726681
391386990
257546178
478738759
760485054
495307367
395382439
902521788
792318484
695273304
744474264
878539653
360931026
891395932
917386478
823175652
254511050
418073784
257539152
873997782
985995511
285921261
630700680
954330215
716760918
840409938
214672240
14622761
84824714
819909875
331851937
402391395
323936981
739844304
96041267
81504857
332037373
626960527
421008973
293385736
608052091
254623780
867707996
823042263
241577396
146834752
900823748
131138288
858852937
991612115
741839322
617204507
629915363
511723376
52940522
166284610
474659514
267198401
338160686
419224988
43703317
913793182
851960501
58092592
533505167
668693367
267466757
608887513
786717025
815461632
681628342
236747816
955844997
734047538
895737657
342624182
371005446
453275945
296926241
168185397
742602538
340990545
132473162
109865502
257664515
628746206
637690454
249572721
558130019
354644654
668888725
40510887
17846287
160564827
446983146
223509979
747335973
737493802
262712000
630188741
962594363
66118406
292075324
729272623
283348813
994430588
136262546
530752751
192422608
889912878
473065496
993025013
318635870
322418477
645990900
927095182
60146181
500463282
592689367
226055545
862673810
93554949
918312504
493255264
873941387
263003219
618358707
487053036
464473564
184764910
119014351
499214460
763825017
87378054
891618393
179660617
177433050
154070454
583337336
538651686
889701885
50620444
329072189
448176877
118428430
724431819
944261707
160159639
542338294
377376326
598802376
540117198
873578918
353160890
511497808
808586054
846635553
150837036
582072207
722800977
259333540
939889671
591095876
140766884
686081139
282403060
315075298
363355649
832319100
828008519
908666466
448349942
448090548
523320612
168803136
364046106
223262449
476172573
805380134
901783642
179009078
753346028
516944248
677570597
308931876
738992127
265868379
100470621
462405301
731748769
806985721
953557303
135531840
819283614
84848185
534403788
909662420
273050417
476828774
251404341
240510736
516890070
303284248
157986061
226792203
777531729
921078466
770406520
619928293
745967854
665490884
47795467
868963952
498351466
242180666
75599997
284626374
72795423
386698688
297749087
750051986
414428226
675771063
36653564
198882968
455630710
576680981
87550990
753276742
245954298
448951354
806423510
309762341
662813090
775603721
55937276
24132844
460814926
480903082
840525874
246402946
516807603
224919464
812110118
23118493
82022594
907538972
917432681
476886313
55567111
717898050
989913645
562049758
748432882
492996476
400199577
364114524
599604158
950115860
364708556
115702427
278149803
306174980
831099260
133775408
709233807
350361941
32409141
872533487
91117871
991325033
124067158
889812117
989909400
128644476
295521190
825679747
951300278
406919802
669195564
873267068
876898355
620414082
885042608
826190241
669309856
251701543
603017925
537435912
804675358
603908571
504032590
917373226
111922797
587464538
332267504
442750044
70509434
898044789
814922200
66213483
713769279
663837221
387380063
722755143
915779031
458572091
919875815
750659896
768786401
843278467
165389158
630935333
561949464
484123673
42523730
455200267
386291732
511160852
956743043
872992585
446205942
573679027
873769971
311216053
743032626
822281416
58870993
927372042
759909728
459211775
960129751
782632279
898729412
879092900
625966742
238188160
133120104
665664195
210859333
122124490
106178890
362256226
684758212
243986177
167655239
819762720
634402811
500573400
856222413
322262983
72400675
205880244
100896977
934814637
820475403
898603345
197236160
318694271
566497861
662111837
406371305
351365998
973570631
795569932
768928833
556182872
817548576
169783409
124878646
431212940
374877676
87481632
591256955
170282761
188719632
503512057
741486882
787902190
67508937
299586070
574300191
562204161
620829885
820947809
796656178
732696994
665905192
581450861
681134808
254052762
535067059
743847381
198661347
609381734
765117971
672642015
936614438
250959937
907248936
524755279
354023466
490732337
295833779
539108259
366069151
643195428
63062015
499075266
257248525
995222534
401029685
776528677
970144065
291723645
479268177
399599479
719329696
292314669
497520108
82161052
956567649
310660504
873136057
558358527
186015974
626642980
304333743
931770146
262032494
837147868
209152302
765007964
209264195
179404236
953442732
945981993
214042107
477878068
776843205
527795382
444178732
401785858
487812177
480717081
771808079
985751781
290761082
103290101
805863176
830301795
63161036
895522680
680410887
619637967
742723030
29640017
247757939
107152233
650884838
224115872
585996546
921020556
140148637
514559407
324801583
763355035
932862778
737180859
850824106
87121625
673519850
434522513
86225985
808869755
185408470
590285712
244751711
32760451
789587949
340091735
562636923
714603548
343387965
859386151
482796775
541986631
253497016
921779480
928517117
638838988
515368477
92765581
836085538
901051087
303323798
580567287
31355404
304672871
918711771
321926330
451907280
402664182
120195542
656856258
38374506
830192990
232774225
335852090
406883917
651821040
497639343
425310168
82454481
242756788
809337381
231080323
846464891
705995466
656733842
785459762
663056533
843755315
792581242
304369658
644509429
651475873
421731040
992247744
4698528
395635303
33392550
795520032
14064223
646377389
908563410
759774692
584113228
200072827
440744597
380797739
758407581
844798696
668015936
547387805
548775477
68033366
354053003
49649392
712290744
211618474
999564702
682877264
958398450
418496897
794274291
907679049
90999713
108419277
393323942
724238162
139296173
679962816
949556709
242175684
834420625
404139534
121727456
136613067
19089401
210863804
16524097
432547106
944728949
781898449
493918599
392471736
417298801
958095665
489601193
306967558
901666823
524034418
834690188
420241232
326617002
888078985
412644346
497537389
424667942
189595320
976096936
397125333
462824463
907298539
437998956
445121802
861364884
350119546
76238864
752944455
879338266
585829550
273428603
454353165
518491174
750251575
429736821
980283693
797239381
332199721
108411777
381634345
276206538
498765152
222564365
58581109
167640639
154150343
316482934
37992218
617785140
116417548
722722588
794214756
781283981
628848761
658936363
361438397
348496869
784953820
814731208
29665010
828090788
48588693
358924773
888747123
693832523
722168918
808475549
837002425
657830899
447955468
456895835
25406804
972361794
308560085
809939410
995421325
812798875
665546835
105652876
565799979
308059611
355681264
332399604
419322891
773708338
441767621
953553667
585645037
223458594
662563309
418977421
303337441
629634300
184363606
124594566
978993769
931097322
671108875
93016289
87959529
847646203
821733419
431224584
836370367
17451186
470303127
863690762
14718339
104430060
998957447
41017656
24137181
482676895
615463644
493256472
268997190
260939317
652563826
428375136
747611916
400761877
107358881
554686971
948354910
482765307
130295975
947064795
525262771
889282030
466530740
790036004
870653554
47028232
190880864
726727793
84948902
499648887
768198458
645714144
997833049
605282388
460712272
232358889
722106607
158886965
547156712
494074912
100727063
649826759
635058785
798564471
433927800
542292169
287736326
164303004
447640571
381408215
739570042
100036343
889590041
130645811
737810750
862041383
857773487
413120144
977726191
335054528
830533132
128438057
504511673
955717808
866872349
542719279
330795523
147150773
938618271
192362200
466680150
765545087
567912232
380745298
696612374
77320270
397468251
347842898
342234444
273714556
620682848
593652940
521786507
793966020
436728617
912006579
329758215
370664903
23055371
883314510
848253637
807379785
761459248
105694511
936848105
619944448
421255332
492784405
734906593
779168780
66647737
727172974
55811331
815649432
12218183
492379666
468111471
694567736
435116118
4333970
548548224
42404299
243367999
942729137
670751554
663132292
734571485
951024394
958798623
469925935
925867160
723410850
38851670
981798468
573730828
790715415
484125367
413212071
548830718
820722172
47264436
319081045
587171391
736068776
978616183
997530332
582509715
305243420
567468211
367045802
796374424
996804903
815635870
484752901
709335728
172642888
878052187
960245209
463545866
86103689
9019171
131600352
344796153
861915454
532378760
106125008
686051799
805732389
385325358
1008237861
909174723
567877859
351886423
19107436
996253946
428239183
350892385
422743271
353878492
150271277
141546196
122498333
54561946
795565509
167859271
604428409
569925904
629054666
440044596
604672788
146015182
14923404
158869414
426591383
166650047
922135632
322537529
972966135
609556234
381566852
197639783
865896684
639992942
389663877
172689633
55376524
352812938
137932234
661927285
469945563
646929587
690923522
751501495
814667692
671475840
23512200
993480697
900299403
420821687
66259868
575453873
548957529
278958752
726538624
766308035
15915543
593044283
908173866
623351781
920093454
363266595
730783904
521099979
1000267791
74745258
16265300
938458130
646015376
733249127
690197872
361161282
565009911
715357120
533634300
948963289
105108521
463367893
844201283
198048711
612015852
877614923
959532592
545880661
464751404
287797746
112378642
857170334
492113115
328457144
287397894
690409345
678314055
81743466
683835699
294883161
340922601
354968741
92099349
865471861
478197823
362646762
384346314
716854413
853643310
190602510
202102205
145937288
729689492
616206542
619675275
949066964
722134189
783977000
640318740
55296542
165724031
906541131
474032047
799246915
200488439
203175635
340107869
748567624
177868859
516422223
416455128
285053829
982384677
911339982
830636380
9112474
645474143
54953363
265254161
609992253
719309130
777322475
324450507
806513758
408074509
954831537
678541674
999432938
673675800
206136914
789177194
620834085
986218185
399136029
273134997
845608880
83978919
605321981
882852406
772332320
84565381
229768433
114923321
331529543
68038782
582645072
887080266
498694095
6091182
112418115
42262951
901138047
821760390
977578646
451769741
736658391
749993080
755064336
595093302
555719817
829062116
759556471
179200868
782891862
907217325
774469357
594262718
226250478
7968182
963653986
67177056
845256096
815256702
687630269
168033142
387819206
618283385
609504775
255536576
222238740
525394248
735036301
637532499
699823519
546814274
386431764
276397638
881661036
773741290
307007334
695215094
221730778
255469102
207155069
725723303
723195856
482881853
604569104
994030830
271980580
80165419
485134178
391729894
988496117
251751679
136881011
962260784
883506225
874417831
288722768
394902876
458679824
584199711
830435752
629567033
18487954
630874143
74426704
636079111
808824277
989098876
573109730
294548307
53482448
814231990
68527770
897163161
238076313
737847530
35072177
620307524
187152870
434007544
546122699
919583260
330991321
247344276
733120344
86418347
595846760
530965294
453345974
127875653
506749484
903959282
615660553
874055082
181719809
108781040
387029855
110309088
54680859
121740326
536432406
922935037
615673416
257698447
802786751
480113428
48243701
103226706
157177704
632886764
161570680
44786541
841821390
272446058
852548434
795751477
54289831
152692019
929456150
823822682
190890768
264257234
798075098
597934973
476449293
138800570
106606855
79416135
910289515
471664873
772476019
303586843
878125775
498568762
12298477
837355354
64535093
611491891
313550542
480062907
383720882
305105914
283540631
141049641
237252429
510549082
420907893
76054784
644141465
787092085
682795079
612677410
737290508
468911534
215754229
232657794
334181170
124845739
755261909
967059176
968768408
857813935
701180781
427442195
807902776
190863203
29482046
641599691
242268992
586986501
162137475
70099132
900522450
281172543
638894359
305069430
947079842
962139885
507256558
907314459
213772678
824018009
606710627
690756844
974300583
50954186
489186303
415074735
138779978
862109157
58467157
637135867
267419697
497396018
803727628
761804257
185906516
795206320
254252114
430813223
514162402
548485185
33788959
859367788
923005018
539588204
670784408
30706757
141089287
831486635
559015395
390949282
763832042
365072529
934880679
680450913
9536029
489927148
846070561
428174158
340462537
231796214
168830420
639396632
950524536
256180856
560412927
620827999
552669116
862785202
738194499
761983292
193916028
161977855
796475599
447660476
691408365
486270811
283969406
56403250
728930702
618552765
408946310
549332577
436901476
397949382
705512197
984008108
220098486
901556618
644714045
788904793
796368688
888129497
443294002
305039402
459930488
653004762
886601278
605489186
620076616
246222673
222672112
651182144
536958164
793560807
528810027
605297696
608741583
710150914
1003638241
776642408
669699539
160085558
427612788
564712250
835033060
86621648
488619962
993923295
922545532
382819213
423429795
172589731
432483624
708233152
398704913
107600444
603536544
41307261
541077662
781631920
274999121
853773204
945375712
145736488
242768536
569023586
763337096
391688873
302303441
656244654
333991838
108312782
691056537
769590287
31131737
454625786
137939706
643068302
608694944
260798201
527307437
795855216
746811054
848071410
492600272
655038059
658793914
942131887
165022642
220861045
882559797
171287722
843142146
753467327
851761900
808766183
996105289
383691492
757443644
258811758
466948113
212494310
629993404
702828061
339692286
44209959
937524030
352166589
808793201
185925683
807435479
661716359
599252980
771244186
638156982
639001529
615348474
233535463
943275080
825002703
933470833
737830786
589993732
601519976
62353323
833483760
346229044
171338649
759487291
737670707
510481301
516324723
176474105
397614817
250144325
593428646
48667082
411184282
840844251
104902280
366215771
374156211
535195844
972753672
127319590
648930379
94385331
739669526
852536304
932419331
181525038
615714004
111286560
963390847
366775631
294106527
895371207
239212121
68180363
931084096
210731683
6043132
213654349
746166586
404424391
256338460
738170561
244660787
142118952
960800402
961743391
8066063
521449458
666463275
736481230
155979428
93890449
311685337
866889611
438615566
25073076
371302450
176887620
62740585
179171334
984574217
689641732
479696428
927851444
892003372
266546108
888344301
597259801
33514931
618218390
680703447
351530768
797918607
463684994
598309517
650796165
116180851
69359515
813548609
82049210
86977013
378813773
173887234
680517826
825273765
126558599
736801361
445339215
242085413
219078648
379081298
130758725
683755882
265094298
912536804
86411176
659522719
196342880
740062362
361392750
175836926
662887566
132117673
478201533
455533073
955227368
126421123
87199812
165569503
821512856
506489978
707911317
448915194
270583643
430382122
25756300
71837142
852902007
544926389
13727113
243312794
843755336
986136196
606426805
996597625
251436513
647643481
214884738
811200115
582536955
335762256
324619512
61278595
158228938
669770088
697410266
103687786
807646157
143011590
48458074
700218864
148887910
957280465
769073486
442790313
575358777
887797675
22506556
241547845
615178363
472098233
419803388
61224249
350205295
112313203
27373634
796648543
975236215
38865762
692962302
116971132
899143844
484531267
640172195
668506637
132076008
509016958
477901200
426700137
934200744
722192205
301170720
11025039
971681924
469733154
275503928
309071294
376266136
936748966
149824150
270720244
103952796
710873503
267250509
940902732
533239267
978412344
533515158
675460125
725796706
886374101
100246629
802821002
1002363806
467332299
342706353
551110472
371024817
204741251
92518503
320364309
34422407
834836350
784052520
558282724
988773934
133026875
578007282
527529141
922693504
666401611
664202109
780506652
333132735
530623282
510676029
965872646
509551576
144215392
769079840
939129932
870003365
882503410
651170136
96353275
493410669
18758118
241465587
656418712
4321853
379136701
943891502
384764960
408455876
733699714
600773427
127581350
444209279
152921530
321318568
417157667
756205174
41336105
22292595
990830110
972141639
648474687
427399665
553666661
947632577
376335449
338137825
591511062
169958845
164267663
696730084
638010040
596195323
173414167
266199122
713550666
594619627
691325012
43615909
433310274
779044331
499178792
192431368
318832192
837357190
122002799
473516189
539775389
512151855
683418231
227530426
507959137
416860749
756047875
919603075
666656765
610688570
897192558
256523570
321368638
638889125
454341076
294689555
747013199
271408470
512602900
464081408
968372863
928477470
919755224
954481169
234453291
925779638
104283175
76282986
144657223
222312062
794102679
601752292
195384533
540694979
204936420
188901389
523224812
632415846
662092002
562284866
497736855
602487637
207676040
61884891
651725279
486439129
556597919
492155090
636831111
994907570
910361538
461018978
72396139
662341558
536023654
744754332
254500374
525991657
408427656
666627228
594688721
627536541
222757249
346591493
832226255
131246724
273747920
89750713
314305646
944926697
351356285
388753092
811996437
830931174
580792955
231126867
47562384
91000704
569771070
412370975
84158939
91839502
800460607
721685987
16390495
724597941
565815678
261387568
543740087
778409590
786177509
649332541
383843384
408711604
53315935
894318910
799707099
948657707
617229211
131603429
435604985
398897366
780091417
881894495
394902817
140212338
922350391
118977275
358947961
903309087
866138766
216447450
495982704
644340900
471496515
355535975
892103023
505793582
48825171
928379552
545453878
954946387
371362855
348799179
279389394
284155933
603015598
707554383
200980601
70536287
341232394
878860251
26980076
805454407
202425332
626510575
671082865
752816663
653890841
768564299
293369408
651669701
620786617
819876237
242542964
833574933
976588631
224547374
317429675
227901936
882609969
943493926
154821372
70296751
381820154
351075415
32459793
152843122
583912738
862755257
734359559
375297656
342804483
913193507
588044464
49785680
438520149
417810940
287105467
673077418
768211176
399632407
281543411
993199754
548854376
296033649
310986693
791932513
555767758
468094873
230636507
431180608
568334828
556787061
98265745
298948012
524726751
295889640
102117734
93228093
181350173
468318664
697396646
671005794
625568606
4140954
757103028
131638599
357648023
166809278
783147883
173347186
928110477
19212038
130671489
608483808
365312165
604262979
847474228
875011690
977124899
433056478
919250511
105178725
179007343
627564516
688424592
72819057
316967663
311947265
29966500
889893297
61891579
1003565931
691688078
431746558
895876390
626767510
658624891
860398467
88469547
545260625
624950554
839753250
735828815
181730927
333229471
91127547
253228493
125193316
845506049
922569271
146713161
530491297
50647203
511291199
178839816
991655390
42364510
91792884
188580670
892083323
252341338
185473021
343625855
241672045
368918525
786966507
901708011
276514906
155412619
278913927
79111064
780305189
364679750
110737709
14806795
33551214
207666684
403382280
348034257
984049674
662795480
148033923
998667446
901574411
424450285
692033804
402479531
379684863
176220282
250764637
395250714
846173541
627246571
41383689
871590285
49153803
156123408
361392530
148011576
203961441
815347561
286513262
321647794
501802082
508167974
377901923
716309304
506419758
313172518
990133650
369720304
130713348
479764410
355619294
17752919
265333755
507408536
540662964
15212700
675977826
396762330
465543662
569181672
60744933
670632069
741925008
627077552
866292609
551266872
163511578
61622053
763711852
363762814
388028611
277636396
1002138029
851158053
689531399
939839776
743677159
711905870
422473669
69682114
842939086
982381525
235331561
336630177
695653010
138364276
456100993
748509457
212199639
380510215
5064750
274727551
1007703023
230878275
244557876
259765795
842115190
662917173
278015178
288615306
202992929
967885100
832734725
573882317
552503635
331326007
314050466
63262705
996840194
15308640
337897010
546812907
156505113
850046601
263745833
288409804
669135078
67159916
114052468
622770405
643413390
867835973
445710442
792782111
876884719
813100732
968286786
783375940
596498755
416714668
873878894
989428824
776104395
336556805
363405885
272357878
755782316
427065824
508957545
977656426
12296642
749868804
805724318
733710456
895959718
10725103
458971851
221479802
96912229
839754410
612610178
848309800
938270338
84325494
27957606
156511701
959477312
179913102
262489886
944593986
992772258
511148455
278193484
439013003
721138005
515101241
809232457
836846320
54498563
717410217
350386328
699946930
733628443
666331473
645814311
472232616
198026202
142044430
618872793
920445907
974392046
987746451
903177487
715530830
935571374
538841717
349447105
280006777
789366014
917782810
247376159
582945575
509583458
324034495
751301610
144331459
262339961
551536569
741337858
879800948
529861789
198396052
371802907
406563073
629838793
825542947
156978643
184046498
285130811
373057673
701405260
490324623
849725163
691334672
583779588
386353164
437596463
425019415
858200391
721377960
914467887
887078403
407581637
371696924
210194076
66635504
859836018
154797169
118125011
915051961
366941589
892748546
117803627
198296296
474371165
983856376
74855723
483702602
557276624
551212009
310299793
723115944
696087541
667093451
556009965
876586741
455783529
919076496
412411668
295923342
785218932
38407084
574536390
278815720
801285420
609532966
494506254
606797301
929460040
395996738
48766066
707663433
848345652
34051444
301668918
782048214
852632524
510717054
766348916
86970466
11071677
383290378
309309208
865813729
677979750
797303925
964630783
440244249
540391972
864593880
902648291
793359145
644859973
891382047
325955672
96527560
710438912
979754483
856279376
955210672
364236371
923341477
501699254
785460711
632895574
555114366
963740760
223775798
222732730
240569457
589288247
143939304
963681749
177744765
447178437
246566522
249346013
434877746
929750076
396805157
854475615
733835204
111807589
513852880
358340985
280830387
782201591
948990581
175225368
282409221
385811359
347477255
672176075
203170207
90622031
206882655
632492297
585913183
854281026
484600802
658317494
50887519
440206088
101432311
765436263
891400579
59558554
771060624
828341066
994694666
273600368
77071912
448894884
796903441
626603058
499615917
983528259
833015310
75989058
898123614
332706563
125803135
977451379
873617498
823127799
445783409
1005208511
245674150
271218011
927299295
573874329
509411466
162058636
594123283
774269731
600793891
810707706
456035430
744171590
537141684
911500507
344187566
880602146
308020427
856470968
314207007
650156924
662373921
786275298
799033957
841749862
820732266
974951942
665740466
714811664
109908780
701729795
853223517
101577024
660556415
329360279
489403841
513173002
842179448
509058221
769367209
738341637
779653059
404655862
250485546
569875779
943272467
410580209
554420469
649290788
512582742
13278727
183422471
493061593
460670598
682041451
787849052
419805840
852663817
534551534
253762727
542943645
278659030
778366744
441159328
234452705
598977270
253625819
888885215
122830593
898075404
84843326
161343352
601161555
944995537
881388882
425283236
745362924
52749037
472996450
232365107
179823700
610508488
217780159
391010968
757845232
614998781
630740422
321403145
635376080
870591040
242365093
988506891
816404749
414311550
726684039
890199510
460323756
211015242
1003096760
857624844
942466541
200249966
110865497
800267994
119242909
753962641
722589132
872548093
593428242
365550035
490644039
781782018
414632480
569403291
842421583
230193351
770898922
920831938
992135321
938281599
893852863
330215665
202857332
645436483
633185336
629251553
661641035
90726481
597160967
940860435
264320567
987472299
860498920
496862022
596338091
877141092
213688432
304641969
113194313
759063208
434747860
131976288
310828683
475834112
121942614
612183004
311204289
861508949
475060766
261693734
838719522
957164198
176643633
349411557
976999279
293677255
244627676
322730479
619438427
528810636
19241612
703332295
308573056
867853573
993095740
282778300
453157468
36784734
1007545721
870485449
179678329
148904452
742137115
798566140
153787843
570117471
192724453
765486859
524641313
877796981
259834029
546534141
160363749
256510022
35031457
492770018
464491251
455417589
414611962
603862566
603133194
979849915
519965240
570474707
638043110
93164556
86707500
320308722
965868528
294472786
17682653
779333830
191007932
830768226
476479865
384728241
531689185
794397916
94619252
392834830
478079028
369250495
401872241
176893463
898533094
811988372
324871262
17695812
432886961
525964690
485590902
737755201
969361524
643017203
992989873
841883021
791974804
132997300
32707376
959177013
518011918
396052086
141237045
221833412
48173964
104054991
741428082
190105039
627364257
126868316
211966230
754090005
749227685
406017406
529523248
202658191
440700594
476176431
89951368
84168182
92370378
865735797
742359643
334765369
670298336
150800901
409208420
849076091
305872172
314338988
72248245
16823192
487701493
306008092
532022077
173299773
462942492
420471639
906044091
611926076
42691998
538285380
214432087
24245471
126234571
567871056
916159887
1002279834
375906070
488351050
336518407
426590374
101322751
308274574
210619437
859065257
585548094
15235120
722772403
659693887
931210198
448218240
545360070
928026682
36094672
743750035
544568140
197604663
434960185
338640068
366293979
205778847
371664595
815129782
409735812
237297446
92848050
998132791
665940732
8985634
148681852
538489720
478135647
715859695
941475207
557430026
138592570
836820890
250081527
892610142
193966579
885474731
106519095
887069795
873274775
939489331
175868302
820063358
486282559
595148096
697701698
505379773
767400963
111208254
812551955
733150331
226908068
255536403
204554425
911533638
476720745
284311997
737305530
693340286
39383841
195195398
590573751
969341505
565284610
889521609
876345410
659619871
543038629
376004907
114185093
117173849
202312662
862378749
110280704
867912820
510868364
895676204
958382355
648341509
430166510
539607175
275851752
125456218
370299438
581615292
187449720
216714890
570361996
832242502
685302516
956021940
896523317
650031155
627803909
249909315
834778378
859496263
444711193
709633205
180339635
559980716
614507926
666526323
688780149
545096095
479244512
80109039
504952232
995645064
143605198
471398000
800752864
757402882
109291857
687247903
324485261
85904944
992784241
28503790
683126745
566730260
936013894
288453838
983705102
495079862
389881003
497321350
605848528
806021457
147884480
462719148
64807270
581285685
607543907
64193317
923868337
106188823
543425939
37704420
371773638
580417711
16989797
692972781
658365581
520605999
947255614
562987967
543116682
47199456
744519051
418191125
172419050
106103978
906525928
746319250
871994317
916233926
743787213
438605906
948042949
745744227
40338682
76144965
688927059
490781370
980547252
363858720
546293988
244731623
499697901
193655912
755867343
858150866
184823147
215007469
117277930
565621159
116371413
528888497
683501021
21125012
147621573
54024670
115105735
752783571
854031110
732290067
335443660
22992069
920691163
201335467
463559403
424060086
233921462
400675112
38164853
753896182
423417053
680390171
1003378878
131238309
440069394
499670657
721820553
273515480
864145621
732689497
916304801
540454329
264956649
441016055
632862374
66413132
336415294
25466439
415145739
675720043
872081189
615516453
381516135
113641971
973302007
702584805
8526091
288848925
440306846
585052805
619537669
686535152
413828909
850150515
568819901
693669402
453538513
934824859
664071133
796082563
545243997
114529323
730222726
404348213
284881060
930396738
704643424
935321742
384012743
571612213
922274882
344201103
911793192
570424083
439158477
985566741
727236086
76346199
786405107
928678067
663423621
311422066
661134454
528077747
649012996
93400289
118055646
617827901
61168202
128308193
344903516
896467929
399718529
991772813
819353928
524919347
511079130
345869763
491180892
888681219
503793938
391814029
336356462
796806399
563075328
189572811
970915795
410982944
185834683
437920128
294683611
735239680
583184395
378859849
879639511
631991698
865238223
225287692
516542702
979411143
94730460
205019633
803493390
459712390
818051139
722037203
955872216
931744965
746866040
138659565
229382519
294978876
322771003
320991350
260747760
993195281
388442317
100191744
415476591
839893822
725367210
950496232
457281835
359554103
452634732
213901955
14107301
466567593
735757339
131495958
735866297
925120560
216536387
453897189
95867987
14243797
912610186
943096428
876175481
672847014
800468898
42985669
790270277
750735930
111953176
308524865
510231648
175256195
549776533
363604299
114794790
752272752
644244780
991640369
561495922
62466922
462586193
864101808
957386903
760020007
410878751
658343125
573306803
943069966
12108591
769393676
607049174
927879975
138356321
5728472
682880235
423535587
212155736
214943726
990342823
367897812
904272119
266697803
144046630
464875472
389172301
953069727
561353594
731985896
171804446
467139496
965025870
866727015
706232048
653699055
278592309
26494077
636205544
850873861
361406325
594301034
541254341
85630598
161922506
723335264
255105892
72313623
806663336
237095513
883105067
873090612
405690434
893216206
269371294
259772725
602296846
40972411
436364874
384747770
487582280
562800920
169785960
282069066
571076391
478160045
768362565
145291555
522484654
430668871
171463718
795924369
507566794
879547018
445171320
581601683
301441419
89568082
324206404
658627386
474079165
918284908
867947940
274778467
262891688
399890173
249649244
543577274
848678618
577548084
270042350
485838963
775024501
288926890
138391606
810041565
218864125
837834050
187137135
390102481
388256986
506675309
831670894
1001373657
142437700
399901904
775356530
256396657
94555086
382373926
612491083
156344838
654190210
826862004
610412737
850753399
630171624
669354397
224399121
449841613
210136105
747628334
534183632
813559671
273076804
925598165
673151432
420924160
183199818
626110087
646366120
906047446
654475404
927335065
478269466
909481078
708858680
539397323
65375540
597118985
650218223
476827818
405614687
810373239
760034340
402032910
585761563
466893321
57623738
324367041
407280639
196850992
382340685
739883576
15315621
653604222
132041591
478528868
962953538
630288300
652184872
737716541
170135376
828115312
54909741
100986403
240013625
108576011
828598084
526516296
843388643
10170434
931274243
435568176
674831391
185772269
562291766
396635492
193874515
675977431
256207386
511226862
136813997
996586817
86782354
578268103
972478880
214152010
14287017
470190547
602820918
73772508
447882692
195576141
185130805
26674503
704055527
138456838
100999782
30437077
402548420
571032244
202795010
493034426
396896399
315307335
975237214
326504717
934887412
472543655
988903658
655236060
1002345040
291669581
477944706
490933976
8912568
953033953
982033021
611451336
111656849
446590576
69472886
106146779
852568662
540691154
470899369
49948076
359031951
840747650
254463319
229980404
858408089
927206486
63229933
856005288
803082567
644446188
969651516
656604557
668111369
880352166
514098110
451894865
697353124
42112941
354460062
592264842
243902759
634691065
432029378
416607379
792296702
732554415
354182414
903991134
170077886
171209953
193018275
466092833
335761394
645084280
778873160
566563669
998107454
129720744
374542720
937582021
781197310
848112963
24100002
165852655
815987112
592427069
112566819
964447867
748147113
933106991
497913258
784272517
749475638
189224742
429406235
99842456
857558102
112477483
249907787
931092464
159454988
600823517
602656146
500280509
339251437
58698749
874426166
330351741
398302480
130726238
907555212
473546852
509125098
711596846
826968759
751920922
806265862
589581122
316469531
715364648
973426893
73493240
810687179
457353479
415969565
87305602
385527043
844381617
423097911
271469302
981427578
590636256
829055177
41093549
603624594
818939278
49128490
583404113
386520675
28189840
320418090
365892594
969311009
144806726
44264181
158393118
681192891
633523487
105487993
424671216
510050289
626976321
817000414
900390965
590735609
44620755
27317638
324281001
183503264
591374525
450785340
291104454
950652781
662506032
124294084
729614476
926204996
344076304
558843569
263073371
179102788
129780130
583482787
210292093
835865722
33490080
32800594
516210140
493119246
123151750
869565493
190192668
270665713
490578963
918326174
591059715
393363496
283765217
249959013
289205871
87901843
865538325
759092371
28688530
737335576
796950286
49868089
863364873
201005089
710383265
629781747
712373978
628856752
988081280
893159831
906243400
456455665
574161185
434392655
70642456
308774475
238346314
130563334
64895609
854938886
306263833
605799453
138553555
409241653
965290987
593935262
502690369
773274167
709663650
906745171
879149354
1003675822
522973744
590110642
345532153
807724452
699246247
896636105
187191333
170191935
577576164
516680939
648351176
388824976
281330342
862184297
456081735
466173474
401275607
586932360
460203495
319690542
593634857
539267202
14130254
389520333
759948864
692769021
64010531
682231728
975362470
897783682
887991983
955401104
136499010
708301976
525276111
316684578
48211836
400817045
388908460
19323786
5158711
209249500
804441559
910628346
499724791
833093646
752430515
668818463
972641076
592477568
972593672
544043767
63477514
467803410
139998062
960522745
598884190
125703605
933617319
523022619
880164609
642882737
863165847
311892019
239003419
982579011
630257941
154215424
26313985
497580530
374349854
208789468
107199899
696593297
64125502
922936563
326055563
184932992
881943791
619631606
303710196
28413951
43459837
606922520
32682290
359652532
517700919
710457526
145429714
885108101
339806710
967163876
696878194
78914468
767220647
692209919
341675336
637960859
552553858
464841745
911171311
555604502
775245232
277566405
727857272
867131173
808811280
904772546
196261194
931652767
291753115
637115999
132856946
150223198
480429606
593691466
856525411
600592438
516574423
726839052
357189551
571854114
318379893
91672809
352999881
194514615
33750395
848907668
101706903
486545453
440477150
888134103
137328180
288550646
877137494
446874954
885210520
127134004
612657669
955988264
995275674
871993479
898346495
127840831
784265189
49552245
316563881
294657474
551988144
490307013
840764625
546989985
922950089
506916518
515412049
751916889
441446739
407881176
734486048
81666438
288431058
75834496
963361332
608028092
164367753
230833470
709673394
234777397
707949687
734583614
729768090
326739067
435839498
860464696
913040483
394142492
356758087
60660879
118624533
675451207
680743672
629540968
770546123
173984285
362384075
918120229
994557994
806711399
940060444
122299594
21859102
29827209
129298242
866139310
805656403
313859283
233490951
774878958
201407941
422319985
603212520
969883796
3993406
675303349
84707503
974754637
274559326
46258272
583120569
710017919
573446223
938889408
160918947
398059612
210310806
514465095
174126589
315155057
706823593
170564950
860498631
453927007
569856850
521047548
234556800
151628671
181549927
816398636
325057639
337862584
147435963
574811465
342574125
319258087
756311042
729466920
803969992
660816793
717849324
199314601
866932251
767509515
167646780
270388995
91394779
362104044
56246123
821427761
554928133
602982930
98373522
751278400
331987893
952194712
708504802
601850311
252686831
570630174
694114058
397317228
350897078
233516693
742384957
545294325
224078254
765984147
718035241
439437116
726244304
107256597
461742534
342225698
986228929
644623538
211456666
841564781
983534003
531341319
572006027
270255929
880476110
941403482
716286860
59908175
156557828
519896385
839289275
76101526
731468641
382489163
117632955
652424501
635106816
493600511
351799937
540273059
213119032
212310838
50101600
102902978
100838262
524720344
64293221
266493144
758251479
746429723
404970063
445508070
192259646
693273142
531360696
752343304
1006375637
490777817
138291497
521103679
704958151
702443595
709365833
612855991
811305026
768855049
265864450
86639108
631447438
71963795
419890838
42011767
165534738
213836893
490106407
968868219
660519767
350508262
726645213
526085982
292832878
940157764
835926901
237889666
705298570
337745969
660333178
315598013
979196735
459632673
728365904
279863121
948192719
542325343
494425266
671720156
1000454219
276078521
23814406
656209975
499840985
353562243
65334280
876206662
304984449
343607327
2892572
195912287
563838001
189973065
697247990
599155080
575902395
237791752
636449554
171321125
854555659
98229245
986655569
682495668
129501072
655048797
567082254
47194619
886105884
670294420
787832430
522381682
811026861
396207216
121920035
695626817
875225942
565679159
322794187
240726617
683512381
766701753
520124122
838133305
565619804
759256944
296324535
229557479
516520522
241314109
995117655
80502178
853347927
180042442
540337965
997235001
957110525
314890064
857620884
828803596
866307695
937974691
367429795
566932969
44497391
765465315
656608672
356915284
946807310
240631086
716507648
218613318
286658988
281929539
229119243
76070478
307683222
707153111
965526162
244897396
178720998
831009076
446817591
342341307
456702802
97509047
948600623
608558808
925064138
378283716
608308520
365384553
511520614
372003201
381641269
677156040
245919821
558176439
207429199
13114579
714530654
364162324
148534552
754878847
679820301
434960604
552821018
584349222
609582404
376843739
86339536
100058288
88885989
472847863
38015428
966641366
860776394
405651964
140463279
26228520
981038794
243195842
273657912
938603983
131755890
992166151
875821948
496401144
466205022
130676121
111886222
811091891
419415499
689355074
395467586
37082856
335026953
133444671
675198853
711904314
261270647
239374081
653835982
537886758
28396841
481139935
989724120
326143780
843363209
442193534
450374197
327578079
709619412
623664813
823333482
73938861
945590075
410631108
564583986
663676606
26493863
177554280
667000297
163620437
129680213
713026030
954706138
986661484
461346033
270474920
591199130
194667400
894163203
814250781
762511187
685926999
576594690
392183519
893671220
598148861
123454189
711289409
532479439
221889941
752204720
819454185
26471973
156643763
702592471
194079984
598689030
591488594
913101466
201956712
81502677
766445162
237669431
292220525
884337991
359311254
829776105
534648500
907279707
646130572
596339449
296338169
459237958
242578898
103816327
934778653
379706751
506727953
93269243
211616059
118409345
350084057
326601134
632626114
617413420
949011732
197856067
934590670
865128570
549645441
969294855
787171749
520137832
318265243
595930110
653637012
819292792
645284568
1001118399
87737142
751414652
824753668
209441601
288220673
708369850
14487912
875384715
921043811
899694686
420935702
61220116
196716990
313103160
351822336
998787077
199841605
108364587
95383518
763575948
299845273
509148531
433336400
8575221
414386493
914120667
731525745
6711734
390993298
811033473
285229213
295462998
52239157
199092961
945748752
443412802
701488636
131862593
182600605
431278664
117896714
141257374
721555538
850245560
933772004
878611553
770126929
65424220
688863624
225287249
637285365
336473073
290088720
16626631
279744649
756066458
610000989
699489197
161562886
511087022
222030188
440538815
781638811
385318740
427495661
434941698
660572772
807187982
465431677
136062927
507109947
131961409
301393243
329183444
147073097
470021861
696476728
914758077
777911814
568047508
160033725
958617667
692868364
751566779
82512664
135422814
822608653
237453052
604779102
811248854
26769567
472414538
222495223
498354984
808094838
119582627
63203152
404636231
218392560
986321466
193246092
550581585
364428200
821939599
234337593
936727629
539342227
575652390
801195522
603011215
646708732
953148181
897967515
214547361
547845970
791762446
287499223
292108787
830884327
861886929
159237756
349396642
330062027
273318537
24577965
27645164
586607316
215013857
537143496
774109252
732284687
937095741
715390515
48906329
801586334
232461199
308194585
197978729
132249442
549514269
121142427
254056938
279850423
215873258
408422691
923637011
409283843
186177695
690684276
77312406
351922775
889095504
315375568
822853368
241084496
66531524
534346032
180754473
381053593
227379371
761840519
966996127
239983676
225955238
607336006
714929833
797830280
491082287
490498970
263973091
683342234
186407515
834072714
637271434
312148820
655175018
354417797
281669008
619515357
65741711
501497556
716169444
185262827
536031894
211162377
362780222
766154924
603271875
841529164
251269521
817247751
721244432
837098111
997575012
206159045
776968632
939714722
674610344
910420375
482966533
394804024
847588422
397253205
648003861
508128287
829415694
691228935
111419766
907161401
850102756
32254989
1002875416
871004006
824777748
198732516
961210292
501057215
829358716
882280670
99905708
260960068
560214762
244000253
552202654
39877215
715913894
953737450
268871852
630622121
632042949
965345143
299668490
237405167
814020201
533200562
367650976
611876494
474779828
422972967
65780616
150841991
548669499
623171856
645248177
984927782
910187667
896849532
454206328
47224492
33423474
545155717
239040876
480056262
428740505
696069031
277430627
325309432
424309597
80826283
160515162
218476000
498436791
56569876
683688790
888940729
442731747
390708013
931431377
138283318
269252866
308213472
200936743
979193732
625070116
861059912
150252386
279355895
652011101
981874399
920769405
746667028
268013494
982859206
697072230
318053907
945492675
690530315
716966679
541256645
826723408
428765052
363835604
99618320
64455309
517882803
61862139
800050911
467769193
536151241
118894258
816117310
51897506
630754971
720302847
785310371
776356568
715449545
175182084
364056126
362828942
562428544
865361294
842906555
551397909
775378449
948105007
147967610
89539387
464762142
13655119
840873126
376548044
169068691
268301993
560378013
552382688
581735233
483183553
827054878
372533537
87742462
463771238
141347479
878774882
627484524
351930628
850660723
720911637
308947767
910268524
507810487
300041730
530696846
104294834
675650197
316573549
814003570
333786066
236855708
578824895
538531934
299028629
809869533
911361903
647804534
878354407
423679254
567638466
904592515
964320010
122290012
50882179
196659125
40695141
320692086
370818154
112764277
640407777
130247706
860190221
983821643
786722463
193681604
921736708
696183484
99098956
54222005
368034832
127529847
833564858
92097119
171185147
459944465
240978065
529165729
519050020
483125768
266821186
990367513
316771122
54024936
272226376
981760450
751389506
928390484
452002211
981240781
692504264
584871349
57421666
921147406
424944223
734430085
126023411
631681441
94844927
665119627
505639293
206385701
412904490
917822905
710556829
473560714
472853427
520990207
664374874
914195210
950944417
243320579
832739974
557787628
518189037
391193899
292282030
229869672
35742035
177749504
877798885
143333312
171838477
233582197
311225780
814469717
70647593
531176638
65478608
784642999
802723148
330653679
739372028
636109181
54804496
407800479
404666054
933277497
40756430
875057216
936437946
20469642
265417176
64445163
785125091
982836485
805206881
723417242
203227977
640382354
527986262
371930316
940545644
79083994
486834708
351032689
380641157
699467949
51607967
500364252
563982393
112067058
135357772
824608299
431680737
730578510
664620031
867111854
682702947
951545835
805448982
372295878
911451574
340088101
234107550
274928244
644266741
48715758
100902530
193392862
584251521
684798524
96747649
912937854
84573553
974607926
604024137
150331860
275404904
424164724
549118939
527655484
972173126
746577512
717527225
912860672
184911738
424146918
819782001
212553697
431241676
563695520
721882471
281936576
318826134
470705006
319418392
675815868
930370209
895463425
123113393
297578563
807382001
619857932
846649691
481227529
209743753
77410151
723364317
129362634
598827092
273021655
394779983
416875219
680051875
692087570
972973556
351028595
979439299
897131646
756027835
520070154
1000408973
37523786
78439907
42485770
50762724
619157362
784064919
635505532
225203638
932766835
542747112
152997018
191537117
274314241
741363477
584931157
808952049
425995397
496089863
785621598
851120055
236070102
116914996
93923297
560199066
228494366
205623403
909464591
604026266
457578145
916054248
103801916
845777070
788356897
65425198
892100081
49311988
329490477
526043124
159599834
965187834
769013554
223257955
941095881
259628921
110263121
823675822
142122576
880237289
456243726
532083446
157544670
517089357
218513466
493458537
902876276
340957073
127523445
910212770
886595917
507684355
40079031
479085261
965584675
409682511
135317746
564912282
548479930
420672725
139316314
118722621
647408926
589752844
908292083
724126182
841639734
277147227
234103603
984539768
808022927
705590086
247146724
382066414
986565194
663235168
145965645
877284112
789184021
150160029
559953213
726323772
859695262
890522073
153417098
14933692
918213621
487000371
965267224
57391277
677607258
677460028
669207415
552010853
338683019
172760369
329860266
386850187
662253991
619953720
666487271
998799126
817379987
819842824
408502314
303573542
798368053
287165047
523230164
693074329
585811882
934371210
721750356
424865755
204607139
637291602
388733479
400419819
688830947
607295139
37522194
244793317
413249688
707599607
20022656
581926646
14447139
489970637
922732834
262321315
741381005
638194750
195638164
41623010
995399426
764238505
347601986
870436862
550059733
481081340
682243414
993174018
442232997
36638027
74942314
990714052
553944763
327528008
245868354
584209875
356917399
790650095
567323637
899144987
836593687
528298679
365508770
569060271
288607438
856656068
734074982
887850990
7223186
544020920
829375297
271829195
19736120
697913618
411733562
439303581
268334187
378618000
33860983
1003933390
598546707
774602032
551416542
64630404
466194435
301572951
578407342
888616245
210474005
930338571
297952208
828388266
230736757
700860125
615610560
750777568
27717860
620739876
37267347
167234072
240758283
990535691
415549377
789800899
350718706
582746902
905470614
586460843
168782264
767367623
916832915
576037236
569742805
209664289
169734654
568331226
95782392
546180820
613710683
458009337
358533188
586319842
552015353
228478642
637192779
805494953
402273248
923343085
340614795
425164368
345817709
871875607
817076333
1001562527
897986271
644045619
798484776
651346934
530703766
10947968
919534996
930795538
207648801
129000574
720614989
965998979
48148752
488882413
233043023
440804045
974278869
660554284
520412746
860428021
929335072
652893818
216186673
694380359
760860596
158366542
502473273
589157011
518758189
560004357
26259341
954250660
98915024
907701149
173348051
880463812
25837267
999034772
428920266
394840017
240731080
722446401
20816685
675152505
196904324
153988346
893018589
694313938
469817823
847820101
617042718
34791213
646445671
702762082
146007778
892803375
738610222
79454515
424337404
704842983
514887439
501315130
96347769
864552926
335533386
937263295
546421824
834766238
190999681
730968055
291887080
791746604
992046796
368754081
46658502
775389083
488528095
707856256
170993206
199821488
61407869
223747431
337807412
74612381
772487737
1000715999
533998078
375027123
564191333
935264220
526302575
774694942
62783721
308259310
497718178
449817741
510404350
365115597
834825350
658249633
814422293
524797340
994193957
151682420
322829112
729481743
982328557
836764845
732239779
607848211
372567520
905878963
688953756
584623571
694690745
975093290
409974598
336843392
8962645
958336012
420444724
287508315
917886092
721996741
957536078
918506459
495101687
981815387
752720099
849943048
37058172
294455702
982124403
551668320
538228991
961906487
310776451
640997220
598192068
804792277
836142726
775212034
754252264
215086381
430817192
679251469
550963109
646206437
578704948
662250821
973620055
882914164
133623906
880897702
933228559
687659485
803425269
32308023
536849145
144706921
917361478
638707192
155570096
824796345
500277721
941491449
26883684
516832645
258200459
815999480
657572827
862506522
771527975
682979305
624700714
110367949
189412010
708329035
397708167
797800537
51953535
403378320
7670773
483217318
926318800
380054488
919907621
621518339
437449284
193926929
847388702
99406802
122303743
732257940
76851790
216770482
381978660
712446600
918338392
758028442
851721246
501683843
737723445
498951192
40010128
800208141
465029556
